1.000000000000000021e-02 -2.454110311911027464e-01 -4.156608305225793776e-02
7.102040816326531114e-02 8.675352823525511070e+00 2.860310639587286263e-01
1.320408163265306134e-01 1.849231726380456919e+01 5.874241129646531334e-01
1.930612244897959295e-01 2.727744285854357997e+01 8.580390690033024015e-01
2.540816326530612179e-01 3.455461795269854974e+01 1.082373419925645397e+00
3.151020408163265341e-01 4.025082690433239918e+01 1.258021300888135796e+00
3.761224489795918502e-01 4.445358077100348737e+01 1.387634572299899283e+00
4.371428571428571663e-01 4.731702037254207482e+01 1.475949510617262428e+00
4.981632653061224825e-01 4.901839719079318769e+01 1.528425778226114362e+00
5.591836734693877986e-01 4.973630835012519924e+01 1.550569002276388053e+00
6.202040816326530592e-01 4.963966453868584949e+01 1.547588111309169845e+00
6.812244897959184309e-01 4.888238344475778518e+01 1.524230600999070928e+00
7.422448979591836915e-01 4.760127124915541685e+01 1.484716682377494656e+00
8.032653061224490632e-01 4.591570654576384669e+01 1.432729276559764120e+00
8.642857142857143238e-01 4.392833061507386816e+01 1.371435174873641083e+00
9.253061224489796954e-01 4.172627166756664252e+01 1.303522735095638430e+00
9.863265306122449561e-01 3.938261806056073766e+01 1.231247293914128793e+00
1.047346938775510328e+00 3.695796828862667383e+01 1.156478968850090716e+00
1.108367346938775588e+00 3.450195531620714462e+01 1.080749681887705593e+00
1.169387755102040849e+00 3.205468670164375311e+01 1.005297594312249965e+00
1.230408163265306110e+00 2.964806975089467755e+01 9.311080015271115951e-01
1.291428571428571592e+00 2.730700848049801266e+01 8.589502789539426031e-01
1.352448979591836853e+00 2.505047008843071765e+01 7.894108077380246336e-01
1.413469387755102114e+00 2.289242520233681333e+01 7.229220122354298450e-01
1.474489795918367374e+00 2.084266994055548849e+01 6.597877578749904437e-01
1.535510204081632635e+00 1.890753971470875783e+01 6.002054167951251795e-01
1.596530612244898117e+00 1.709052543034450622e+01 5.442849315078959194e-01
1.657551020408163378e+00 1.539280271331492145e+01 4.920652063905360807e-01
1.718571428571428639e+00 1.381368433817907793e+01 4.435281433687316421e-01
1.779591836734693899e+00 1.235100528151966337e+01 3.986106154705267302e-01
1.840612244897959382e+00 1.100144902782181866e+01 3.572146480004205760e-01
1.901632653061224643e+00 9.760822845900911204e+00 3.192160496396228009e-01
1.962653061224489903e+00 8.624288912343468283e+00 2.844717103322714769e-01
2.023673469387754942e+00 7.586557341641841923e+00 2.528257578047690135e-01
2.084693877551020424e+00 6.642046435666980386e+00 2.241147409198179508e-01
2.145714285714285463e+00 5.785014786071690729e+00 1.981719848917603555e-01
2.206734693877550946e+00 5.009669267269917903e+00 1.748312396332799001e-01
2.267755102040816428e+00 4.310252407258929885e+00 1.539297144332702205e-01
2.328775510204081467e+00 3.681112175578765910e+00 1.353105573125381322e-01
2.389795918367346950e+00 3.116756802664430559e+00 1.188247871817256218e-01
2.450816326530611988e+00 2.611896898026230929e+00 1.043326154335332684e-01
2.511836734693877471e+00 2.161476824609350977e+00 9.170399421834000975e-02
2.572857142857142954e+00 1.760697022493709518e+00 8.081810920807402931e-02
2.633877551020407992e+00 1.405028740718450075e+00 7.156143781500401424e-02
2.694897959183673475e+00 1.090222445445684363e+00 6.382403048348454788e-02
2.755918367346938513e+00 8.123109930740315399e-01 5.749402714446753132e-02
2.816938775510203996e+00 5.676085125947203380e-01 5.245125002526825064e-02
2.877959183673469479e+00 3.527058118166465084e-01 4.856185377490956218e-02
2.938979591836734517e+00 1.644630097743342567e-01 4.567669710891458096e-02
3.000000000000000000e+00 0.000000000000000000e+00 0.000000000000000000e+00
