1.000000000000000021e-02 -1.809721867362532599e-01 -4.370496568359349271e-02
7.102040816326531114e-02 9.603530764824832033e+00 3.272656717522237635e-01
1.320408163265306134e-01 2.053586218897453008e+01 6.769453654065655801e-01
1.930612244897959295e-01 3.045242495051019205e+01 9.950094362074141108e-01
2.540816326530612179e-01 3.876414156775634723e+01 1.261765631237387275e+00
3.151020408163265341e-01 4.533780554183831413e+01 1.472790043526302828e+00
3.761224489795918502e-01 5.023389791897729850e+01 1.629979167725509992e+00
4.371428571428571663e-01 5.360140923296224713e+01 1.738099381605771043e+00
4.981632653061224825e-01 5.562649710045553775e+01 1.803120584278398608e+00
5.591836734693877986e-01 5.650507871439478436e+01 1.831330358349272380e+00
6.202040816326530592e-01 5.642776270800787586e+01 1.828847862211635089e+00
6.812244897959184309e-01 5.557173512558325967e+01 1.801362277610238483e+00
7.422448979591836915e-01 5.409676861123399050e+01 1.754004174257070892e+00
8.032653061224490632e-01 5.214373186250653447e+01 1.691297397611208231e+00
8.642857142857143238e-01 4.983461258997855481e+01 1.617159675250164019e+00
9.253061224489796954e-01 4.727343161789892889e+01 1.534931901856472658e+00
9.863265306122449561e-01 4.454764810057438496e+01 1.447423230074592837e+00
1.047346938775510328e+00 4.172979771580515518e+01 1.356963663674228382e+00
1.108367346938775588e+00 3.887919891078040990e+01 1.265458849254307294e+00
1.169387755102040849e+00 3.604362450113675465e+01 1.174443764385879385e+00
1.230408163265306110e+00 3.326087768279578682e+01 1.085133343036434050e+00
1.291428571428571592e+00 3.056023943132997189e+01 9.984689767312686648e-01
1.352448979591836853e+00 2.796377268832886287e+01 9.151604223508866820e-01
1.413469387755102114e+00 2.548748062011896920e+01 8.357230297141524655e-01
1.474489795918367374e+00 2.314232362258206877e+01 7.605104398194968418e-01
1.535510204081632635e+00 2.093510406426889503e+01 6.897430437221272470e-01
1.596530612244898117e+00 1.886923001181649795e+01 6.235325647791047921e-01
1.657551020408163378e+00 1.694537006140578583e+01 5.619031557354816631e-01
1.718571428571428639e+00 1.516201143726043377e+01 5.048094038844539444e-01
1.779591836734693899e+00 1.351593294830820646e+01 4.521516198940059295e-01
1.840612244897959382e+00 1.200260363036740507e+01 4.037887621121619697e-01
1.901632653061224643e+00 1.061651688048641873e+01 3.595493162034219536e-01
1.962653061224489903e+00 9.351468895476456211e+00 3.192404188199036152e-01
2.023673469387754942e+00 8.200789218420354132e+00 2.826554821926085537e-01
2.084693877551020424e+00 7.157530249881784989e+00 2.495805460102151763e-01
2.145714285714285463e+00 6.214621716221769177e+00 2.197995535779667386e-01
2.206734693877550946e+00 5.364995290014308083e+00 1.930987189397722348e-01
2.267755102040816428e+00 4.601683873506667410e+00 1.692701190585862436e-01
2.328775510204081467e+00 3.917899428321631738e+00 1.481146036917312669e-01
2.389795918367346950e+00 3.307092702384817340e+00 1.294440590294228532e-01
2.450816326530611988e+00 2.762997735569408420e+00 1.130829782743049822e-01
2.511836734693877471e+00 2.279663620722265360e+00 9.886917343418727411e-02
2.572857142857142954e+00 1.851475648442038491e+00 8.665330938987472753e-02
2.633877551020407992e+00 1.473167658817236880e+00 7.629679442430159497e-02
2.694897959183673475e+00 1.139827171044337950e+00 6.766754652810194615e-02
2.755918367346938513e+00 8.468946312788120379e-01 6.063350984038202995e-02
2.816938775510203996e+00 5.901579296161365562e-01 5.505477198570171704e-02
2.877959183673469479e+00 3.657431719389250269e-01 5.077661939651655076e-02
2.938979591836734517e+00 1.701025462700718749e-01 4.762692539660494384e-02
3.000000000000000000e+00 0.000000000000000000e+00 0.000000000000000000e+00
