1.000000000000000021e-02 -5.144553458005203528e-02 -4.819571720689799776e-02
7.102040816326531114e-02 1.151766392965706487e+01 4.171505899210772306e-01
1.320408163265306134e-01 2.482629069524281107e+01 8.750253957623772560e-01
1.930612244897959295e-01 3.720053275610886345e+01 1.301583738194917128e+00
2.540816326530612179e-01 4.778201314527080967e+01 1.666501665394573672e+00
3.151020408163265341e-01 5.628385855959437123e+01 1.959747649493233546e+00
3.761224489795918502e-01 6.269242706606472382e+01 2.180808881475772676e+00
4.371428571428571663e-01 6.713833694516114292e+01 2.334174919034108342e+00
4.981632653061224825e-01 6.982655894705980870e+01 2.426909708149349587e+00
5.591836734693877986e-01 7.099451754568571005e+01 2.467200825657495322e+00
6.202040816326530592e-01 7.088615112674537500e+01 2.463462495035990685e+00
6.812244897959184309e-01 6.973605624567728967e+01 2.423787642337827286e+00
7.422448979591836915e-01 6.776031946658636684e+01 2.355631144327566595e+00
8.032653061224490632e-01 6.515183970179862172e+01 2.265648215931451492e+00
8.642857142857143238e-01 6.207863092139073302e+01 2.159635729595005937e+00
9.253061224489796954e-01 5.868404234346648707e+01 2.042539746559742131e+00
9.863265306122449561e-01 5.508814758844287240e+01 1.918503411014402582e+00
1.047346938775510328e+00 5.138978278844938075e+01 1.790937253473925184e+00
1.108367346938775588e+00 4.766888098303153498e+01 1.662599729015925787e+00
1.169387755102040849e+00 4.398887152544092771e+01 1.535680007350426868e+00
1.230408163265306110e+00 4.039899995142292966e+01 1.411878025702887118e+00
1.291428571428571592e+00 3.693648435914765571e+01 1.292478907255852683e+00
1.352448979591836853e+00 3.362846558335232316e+01 1.178420271274339681e+00
1.413469387755102114e+00 3.049373566875267727e+01 1.070351900788916844e+00
1.474489795918367374e+00 2.754424632745573831e+01 9.686878269075261949e-01
1.535510204081632635e+00 2.478640931478635068e+01 8.736512429174180250e-01
1.596530612244898117e+00 2.222220616249927971e+01 7.853128517527901975e-01
1.657551020408163378e+00 1.985012713939730844e+01 7.036233348520943842e-01
1.718571428571428639e+00 1.766595967162970382e+01 6.284406436167896404e-01
1.779591836734693899e+00 1.566344575542141371e+01 5.595527913753202132e-01
1.840612244897959382e+00 1.383482639667543879e+01 4.966967730604813225e-01
1.901632653061224643e+00 1.217128938598903254e+01 4.395741814221528765e-01
1.962653061224489903e+00 1.066333485953969529e+01 3.878640257673051095e-01
2.023673469387754942e+00 9.301071286135131899e+00 3.412331979976337970e-01
2.084693877551020424e+00 8.074452837822148510e+00 2.993449734548165875e-01
2.145714285714285463e+00 6.973467550656882175e+00 2.618658801440772455e-01
2.206734693877550946e+00 5.988284338294231901e+00 2.284712202198829478e-01
2.267755102040816428e+00 5.109365710025099538e+00 1.988494765363904848e-01
2.328775510204081467e+00 4.327552017789630057e+00 1.727057806844161103e-01
2.389795918367346950e+00 3.634122164624796092e+00 1.497645459618802688e-01
2.450816326530611988e+00 3.020834946746453031e+00 1.297712642988696485e-01
2.511836734693877471e+00 2.479954555577295050e+00 1.124933113895111580e-01
2.572857142857142954e+00 2.004263212171768505e+00 9.771938767806503945e-02
2.633877551020407992e+00 1.587063449236739254e+00 8.525697536275370081e-02
2.694897959183673475e+00 1.222172151220503489e+00 7.492705470263284762e-02
2.755918367346938513e+00 9.039081356933412748e-01 6.655563288577492909e-02
2.816938775510203996e+00 6.270747722784871803e-01 5.996285395294243675e-02
2.877959183673469479e+00 3.869388946263749296e-01 5.495264645498289940e-02
2.938979591836734517e+00 1.792070555354476624e-01 5.130780621616436166e-02
3.000000000000000000e+00 0.000000000000000000e+00 0.000000000000000000e+00
