1.000000000000000021e-02 -5.242771695226562390e-01 -3.264316973935451477e-02
7.102040816326531114e-02 4.633720899022368833e+00 1.307954603302801111e-01
1.320408163265306134e-01 9.581871422236289959e+00 2.508696494364368590e-01
1.930612244897959295e-01 1.343027244314535551e+01 3.452306007515709152e-01
2.540816326530612179e-01 1.618087345785026798e+01 4.128386867478971989e-01
3.151020408163265341e-01 1.800020189160088435e+01 4.575979972818361996e-01
3.761224489795918502e-01 1.907525532898057818e+01 4.840576073968512749e-01
4.371428571428571663e-01 1.957397935573615300e+01 4.963347008575307306e-01
4.981632653061224825e-01 1.963611430885315201e+01 4.978643719615380436e-01
5.591836734693877986e-01 1.937391171645239041e+01 4.914094700639114466e-01
6.202040816326530592e-01 1.887584293800532720e+01 4.791490629973834126e-01
6.812244897959184309e-01 1.821082696395598433e+01 4.627814031072663981e-01
7.422448979591836915e-01 1.743211036262172797e+01 4.436189996311539208e-01
8.032653061224490632e-01 1.658054983471677346e+01 4.226692634689956929e-01
8.642857142857143238e-01 1.568728433765353536e+01 4.007002444572963507e-01
9.253061224489796954e-01 1.477586671288511333e+01 3.782931141551910681e-01
9.863265306122449561e-01 1.386394538537376953e+01 3.558835931376203021e-01
1.047346938775510328e+00 1.296458304875969780e+01 3.337944486641337138e-01
1.108367346938775588e+00 1.208728739031846899e+01 3.122609044019045710e-01
1.169387755102040849e+00 1.123881552886450663e+01 2.914504781156089241e-01
1.230408163265306110e+00 1.042380153183793823e+01 2.714784619743645377e-01
1.291428571428571592e+00 9.645245939381826616e+00 2.524200039300250054e-01
1.352448979591836853e+00 8.904897756108146822e+00 2.343195404958756112e-01
1.413469387755102114e+00 8.203552626334126074e+00 2.171981652988473344e-01
1.474489795918367374e+00 7.541285629356465847e+00 2.010593877834182530e-01
1.535510204081632635e+00 6.917633016406651514e+00 1.858936350400612891e-01
1.596530612244898117e+00 6.331734020734899993e+00 1.716817710312939782e-01
1.657551020408163378e+00 5.782441402296067956e+00 1.583978464532183328e-01
1.718571428571428639e+00 5.268407476840297754e+00 1.460112450926652483e-01
1.779591836734693899e+00 4.788150898693441349e+00 1.344883556558304216e-01
1.840612244897959382e+00 4.340108318450056402e+00 1.237938691786628076e-01
1.901632653061224643e+00 3.922674145038806071e+00 1.138917793523991223e-01
1.962653061224489903e+00 3.534230947587606142e+00 1.047461449078558315e-01
2.023673469387754942e+00 3.173172491238770654e+00 9.632165843971100816e-02
2.084693877551020424e+00 2.837920978144488515e+00 8.858405384949266659e-02
2.145714285714285463e+00 2.526939732281761941e+00 8.150037431188331127e-02
2.206734693877550946e+00 2.238742310743816244e+00 7.503911417826211738e-02
2.267755102040816428e+00 1.971898811155218256e+00 6.917024117859520149e-02
2.328775510204081467e+00 1.725039993964995855e+00 6.386510090151542585e-02
2.389795918367346950e+00 1.496859702609332654e+00 5.909620398357172399e-02
2.450816326530611988e+00 1.286115967899782442e+00 5.483689988442888574e-02
2.511836734693877471e+00 1.091631101912211355e+00 5.106095062450100724e-02
2.572857142857142954e+00 9.122910233957352011e-01 4.774203419204318261e-02
2.633877551020407992e+00 7.470440063343636306e-01 4.485322890851640987e-02
2.694897959183673475e+00 5.948990032130837546e-01 4.236655188295018054e-02
2.755918367346938513e+00 4.549236626397311634e-01 4.025263821201476716e-02
2.816938775510203996e+00 3.262421352592677626e-01 3.848064293317546986e-02
2.877959183673469479e+00 2.080327427602308155e-01 3.701841875043085373e-02
2.938979591836734517e+00 9.952556618303007308e-02 3.583297203550009358e-02
3.000000000000000000e+00 0.000000000000000000e+00 0.000000000000000000e+00
