1.000000000000000021e-02 1.168672113266931885e-02 5.049685592008322510e-02
7.102040816326531114e-02 1.247783989761388312e+01 4.644259138392425323e-01
1.320408163265306134e-01 2.702007027121411653e+01 9.808896187107003506e-01
1.930612244897959295e-01 4.069408105782753893e+01 1.467330891827346218e+00
2.540816326530612179e-01 5.248526939682188441e+01 1.886947789421219657e+00
3.151020408163265341e-01 6.201288060482100661e+01 2.226056348478213653e+00
3.761224489795918502e-01 6.921632624248783827e+01 2.482459009395959093e+00
4.371428571428571663e-01 7.421381921241388113e+01 2.660347836024478330e+00
4.981632653061224825e-01 7.722143423114349048e+01 2.767407588574202659e+00
5.591836734693877986e-01 7.850198599963130164e+01 2.812990775114191155e+00
6.202040816326530592e-01 7.833196367063001730e+01 2.806938559746069206e+00
6.812244897959184309e-01 7.698059000794545170e+01 2.758834396367336517e+00
7.422448979591836915e-01 7.469732457895035793e+01 2.677558716684862006e+00
8.032653061224490632e-01 7.170523694039378881e+01 2.571052794956071974e+00
8.642857142857143238e-01 6.819836390245869495e+01 2.446224548514512431e+00
9.253061224489796954e-01 6.434166332041206715e+01 2.308946829810733625e+00
9.863265306122449561e-01 6.027256072640673779e+01 2.164112455062668250e+00
1.047346938775510328e+00 5.610338217008065698e+01 2.015720801037246268e+00
1.108367346938775588e+00 5.192419256526378035e+01 1.866978850231027165e+00
1.169387755102040849e+00 4.780572585664938146e+01 1.720405513580891999e+00
1.230408163265306110e+00 4.380221334546012457e+01 1.577932334504734024e+00
1.291428571428571592e+00 3.995400003662039978e+01 1.440996652606618467e+00
1.352448979591836853e+00 3.628989510850933442e+01 1.310625308217816087e+00
1.413469387755102114e+00 3.282923903278199163e+01 1.187508266289904357e+00
1.474489795918367374e+00 2.958369233206726534e+01 1.072062338232251832e+00
1.535510204081632635e+00 2.655876385586784139e+01 9.644856397409081739e-01
1.596530612244898117e+00 2.375510298764580597e+01 8.648036557530370816e-01
1.657551020408163378e+00 2.116958264565900905e+01 7.729078714771158154e-01
1.718571428571428639e+00 1.879619988234766836e+01 6.885879271302340898e-01
1.779591836734693899e+00 1.662681938563764561e+01 6.115582014648525133e-01
1.840612244897959382e+00 1.465178293944881460e+01 5.414796503051994003e-01
1.901632653061224643e+00 1.286040535517933137e+01 4.779776370006817432e-01
1.962653061224489903e+00 1.124137481406605943e+01 4.206564016290276764e-01
2.023673469387754942e+00 9.783073111792532472e+00 3.691107301393173334e-01
2.084693877551020424e+00 8.473829081518365669e+00 3.229353069695837242e-01
2.145714285714285463e+00 7.302116452276663061e+00 2.817321628991722449e-01
2.206734693877550946e+00 6.256705701510772322e+00 2.451165667937784398e-01
2.267755102040816428e+00 5.326777931358201990e+00 2.127216468862251075e-01
2.328775510204081467e+00 4.502007532366017806e+00 1.842019616694039463e-01
2.389795918367346950e+00 3.772619306672064354e+00 1.592361587437596537e-01
2.450816326530611988e+00 3.129424806881804244e+00 1.375287454144433485e-01
2.511836734693877471e+00 2.563841867368541916e+00 1.188108238813094658e-01
2.572857142857142954e+00 2.067900666348007288e+00 1.028393994303441056e-01
2.633877551020407992e+00 1.634239100281219548e+00 8.939457397830344321e-02
2.694897959183673475e+00 1.256089799387536177e+00 7.827373698225104093e-02
2.755918367346938513e+00 9.272607290131926749e-01 6.928213633559503204e-02
2.816938775510203996e+00 6.421109948080787611e-01 6.222051809386611176e-02
2.877959183673469479e+00 3.955231978379425417e-01 5.687304826550401010e-02
2.938979591836734517e+00 1.828734544938531437e-01 5.300114814672627489e-02
3.000000000000000000e+00 0.000000000000000000e+00 0.000000000000000000e+00
