1.000000000000000021e-02 -1.159374413000953258e-01 -4.592395895941508988e-02
7.102040816326531114e-02 1.055588315111206477e+01 3.712173367850192807e-01
1.320408163265306134e-01 2.265715736411428338e+01 7.732869684923192599e-01
1.930612244897959295e-01 3.377483843186963242e+01 1.143527506623116086e+00
2.540816326530612179e-01 4.319241899166771503e+01 1.457313611486160898e+00
3.151020408163265341e-01 5.070551742860398292e+01 1.707692241745191408e+00
3.761224489795918502e-01 5.634092888525093201e+01 1.895512776720011061e+00
4.371428571428571663e-01 6.023972170539894222e+01 2.025460322807668412e+00
4.981632653061224825e-01 6.259713576561573234e+01 2.104035379435700293e+00
5.591836734693877986e-01 6.362851985675194300e+01 2.138412895904673316e+00
6.202040816326530592e-01 6.354934205690205573e+01 2.135773777375867599e+00
6.812244897959184309e-01 6.256358819872102828e+01 2.102917194819735158e+00
7.422448979591836915e-01 6.085743104579161411e+01 2.046049082825379450e+00
8.032653061224490632e-01 5.859628143944951262e+01 1.970683599824094356e+00
8.642857142857143238e-01 5.592400252248501147e+01 1.881616806723790614e+00
9.253061224489796954e-01 5.296347295437841751e+01 1.782945374331375898e+00
9.863265306122449561e-01 4.981794819277963882e+01 1.678111928506410999e+00
1.047346938775510328e+00 4.657284787152095618e+01 1.569964619784544047e+00
1.108367346938775588e+00 4.329772182130919589e+01 1.460822661167893166e+00
1.169387755102040849e+00 4.004823454181677533e+01 1.352542490029570388e+00
1.230408163265306110e+00 3.686806886648133741e+01 1.246581243189007981e+00
1.291428571428571592e+00 3.379069161919687758e+01 1.144055637392199509e+00
1.352448979591836853e+00 3.084095256159532994e+01 1.045795298245970617e+00
1.413469387755102114e+00 2.803650674470740611e+01 9.523902084341534513e-01
1.474489795918367374e+00 2.538906235086308527e+01 8.642323456139088256e-01
1.535510204081632635e+00 2.290546331966470106e+01 7.815518211229225409e-01
1.596530612244898117e+00 2.058862000499339473e+01 7.044479628827406970e-01
1.657551020408163378e+00 1.843830289194303518e+01 6.329158458219482641e-01
1.718571428571428639e+00 1.645181478122614394e+01 5.668687863953805195e-01
1.779591836734693899e+00 1.462455635990930070e+01 5.061573022330809746e-01
1.840612244897959382e+00 1.295049908865128963e+01 4.505850058735769714e-01
1.901632653061224643e+00 1.142257809344895669e+01 3.999218611244955701e-01
1.962653061224489903e+00 1.003301641516316245e+01 3.539151871442943187e-01
2.023673469387754942e+00 8.773590644137415850e+00 3.122987520459616362e-01
2.084693877551020424e+00 7.635846706874547252e+00 2.748002561742025063e-01
2.145714285714285463e+00 6.611273426637684025e+00 2.411474660159342864e-01
2.206734693877550946e+00 5.691440415900657968e+00 2.110732202340080688e-01
2.267755102040816428e+00 4.868105966382165306e+00 1.843194895670239031e-01
2.328775510204081467e+00 4.133299769988763472e+00 1.606406233577651332e-01
2.389795918367346950e+00 3.479384614354195104e+00 1.398058513670212555e-01
2.450816326530611988e+00 2.899100586717282102e+00 1.216010156456517471e-01
2.511836734693877471e+00 2.385594800857179898e+00 1.058293698263512023e-01
2.572857142857142954e+00 1.932439209854484918e+00 9.231109722914174198e-02
2.633877551020407992e+00 1.533638694587346141e+00 8.088100173816657745e-02
2.694897959183673475e+00 1.183631281787929534e+00 7.138375123812287781e-02
2.755918367346938513e+00 8.772820705701431798e-01 6.366639265309644025e-02
2.816938775510203996e+00 6.098722077521541163e-01 5.756896320224921815e-02
2.877959183673469479e+00 3.770840455388238532e-01 5.291586205691935912e-02
2.938979591836734517e+00 1.749834403219674706e-01 4.951212902679993227e-02
3.000000000000000000e+00 0.000000000000000000e+00 0.000000000000000000e+00
