1.000000000000000021e-02 -9.005506017059268509e-02 -4.711753281888401979e-02
7.102040816326531114e-02 1.015178416270122597e+01 3.651725059804411533e-01
1.320408163265306134e-01 2.062404433053363206e+01 7.200771666202554488e-01
1.930612244897959295e-01 2.937352851319853997e+01 1.017334912973749450e+00
2.540816326530612179e-01 3.616904280419634432e+01 1.248343296571677419e+00
3.151020408163265341e-01 4.116138811921605623e+01 1.418092616618650492e+00
3.761224489795918502e-01 4.460077064914823808e+01 1.535050732092814396e+00
4.371428571428571663e-01 4.674646647450089887e+01 1.608020325042218479e+00
4.981632653061224825e-01 4.783593487702722058e+01 1.645071359088985830e+00
5.591836734693877986e-01 4.807579824760114917e+01 1.653228804503600990e+00
6.202040816326530592e-01 4.764133659793206022e+01 1.638453343587532141e+00
6.812244897959184309e-01 4.667918617231645584e+01 1.605732253757605088e+00
7.422448979591836915e-01 4.531101752525599835e+01 1.559204089963593720e+00
8.032653061224490632e-01 4.363725820488645013e+01 1.502285100533163220e+00
8.642857142857143238e-01 4.174049063643109747e+01 1.437784699356666751e+00
9.253061224489796954e-01 3.968840807228405509e+01 1.368005959362877721e+00
9.863265306122449561e-01 3.753632222243496841e+01 1.294830885559957734e+00
1.047346938775510328e+00 3.532926145539925500e+01 1.219791778147348849e+00
1.108367346938775588e+00 3.310371336976542267e+01 1.144130509342954571e+00
1.169387755102040849e+00 3.088906670647369879e+01 1.068847580473223369e+00
1.230408163265306110e+00 2.870880296729622927e+01 9.947426709540755363e-01
1.291428571428571592e+00 2.658148152251587959e+01 9.224481678924537631e-01
1.352448979591836853e+00 2.452155518697049530e+01 8.524569342550234463e-01
1.413469387755102114e+00 2.254004698100561299e+01 7.851453610033336528e-01
1.474489795918367374e+00 2.064511332401300336e+01 7.207925629777669485e-01
1.535510204081632635e+00 1.884251430097231150e+01 6.595964219962140440e-01
1.596530612244898117e+00 1.713600780045401706e+01 6.016870503869906628e-01
1.657551020408163378e+00 1.552768117568504103e+01 5.471381416448688473e-01
1.718571428571428639e+00 1.401823150658478312e+01 4.959765879665574695e-01
1.779591836734693899e+00 1.260720344800401271e+01 4.481906739776851945e-01
1.840612244897959382e+00 1.129319195029467515e+01 4.037370990478459376e-01
1.901632653061224643e+00 1.007401576031790214e+01 3.625470347306812280e-01
1.962653061224489903e+00 8.946866493953159249e+00 3.245313869614350755e-01
2.023673469387754942e+00 7.908437166041101030e+00 2.895854028681167369e-01
2.084693877551020424e+00 6.955033330649396106e+00 2.575927376901280819e-01
2.145714285714285463e+00 6.082669391753110055e+00 2.284290765217597829e-01
2.206734693877550946e+00 5.287152163295399276e+00 2.019653859801766871e-01
2.267755102040816428e+00 4.564153378928403448e+00 1.780708493959751448e-01
2.328775510204081467e+00 3.909272527310120982e+00 1.566155092771500390e-01
2.389795918367346950e+00 3.318091159543214985e+00 1.374725958817136773e-01
2.450816326530611988e+00 2.786219604273846517e+00 1.205204460503861708e-01
2.511836734693877471e+00 2.309336878524071324e+00 1.056437988295738234e-01
2.572857142857142954e+00 1.883224459413954666e+00 9.273408439308594708e-02
2.633877551020407992e+00 1.503794490366539227e+00 8.168812567175509631e-02
2.694897959183673475e+00 1.167112920617600968e+00 7.240456009487954148e-02
2.755918367346938513e+00 8.694180307197267865e-01 6.477752485302933072e-02
2.816938775510203996e+00 6.071347504624239333e-01 5.868810116595845477e-02
2.877959183673469479e+00 3.768851501083361200e-01 5.399578628428297611e-02
2.938979591836734517e+00 1.754954654451502671e-01 5.053400677786568790e-02
3.000000000000000000e+00 0.000000000000000000e+00 0.000000000000000000e+00
