1.000000000000000021e-02 -9.527673946072864331e-01
7.102040816326531114e-02 -3.634941853425887048e-01
1.320408163265306134e-01 3.335417754831832560e-01
1.930612244897959295e-01 1.005555177065487804e+00
2.540816326530612179e-01 1.610243734503819413e+00
3.151020408163265341e-01 2.132312030108006073e+00
3.761224489795918502e-01 2.568570883832936413e+00
4.371428571428571663e-01 2.921916092618431549e+00
4.981632653061224825e-01 3.198339313169681564e+00
5.591836734693877986e-01 3.405282281478096529e+00
6.202040816326530592e-01 3.550683530536801413e+00
6.812244897959184309e-01 3.642417885920284260e+00
7.422448979591836915e-01 3.687972545632377752e+00
8.032653061224490632e-01 3.694270747774556884e+00
8.642857142857143238e-01 3.667588969359602658e+00
9.253061224489796954e-01 3.613533346078995567e+00
9.863265306122449561e-01 3.537052918862799711e+00
1.047346938775510328e+00 3.442474870032114165e+00
1.108367346938775588e+00 3.333551877974420652e+00
1.169387755102040849e+00 3.213515060663643119e+00
1.230408163265306110e+00 3.085128257523352513e+00
1.291428571428571592e+00 2.950740962502209186e+00
1.352448979591836853e+00 2.812338292296979070e+00
1.413469387755102114e+00 2.671587101971505174e+00
1.474489795918367374e+00 2.529877848528818696e+00
1.535510204081632635e+00 2.388362123159669004e+00
1.596530612244898117e+00 2.247985975718798990e+00
1.657551020408163378e+00 2.109519276574793878e+00
1.718571428571428639e+00 1.973581427029986290e+00
1.779591836734693899e+00 1.840663758244577952e+00
1.840612244897959382e+00 1.711148962901346549e+00
1.901632653061224643e+00 1.585327892776169367e+00
1.962653061224489903e+00 1.463414034772106964e+00
2.023673469387754942e+00 1.345555953963675888e+00
2.084693877551020424e+00 1.231847962683849440e+00
2.145714285714285463e+00 1.122339250208440165e+00
2.206734693877550946e+00 1.017041678911848823e+00
2.267755102040816428e+00 9.159364292398098906e-01
2.328775510204081467e+00 8.189796528750306059e-01
2.389795918367346950e+00 7.261072730546322962e-01
2.450816326530611988e+00 6.372390527206561739e-01
2.511836734693877471e+00 5.522820349979313814e-01
2.572857142857142954e+00 4.711334462689866220e-01
2.633877551020407992e+00 3.936831395545242196e-01
2.694897959183673475e+00 3.198156454331934628e-01
2.755918367346938513e+00 2.494118875751730191e-01
2.816938775510203996e+00 1.823506127483057182e-01
2.877959183673469479e+00 1.185095773767879807e-01
2.938979591836734517e+00 5.776652704285939466e-02
3.000000000000000000e+00 0.000000000000000000e+00
