1.000000000000000021e-02 -9.529459206390518133e-01
7.102040816326531114e-02 -3.597060760365168308e-01
1.320408163265306134e-01 3.524898469855601846e-01
1.930612244897959295e-01 1.047939408461061817e+00
2.540816326530612179e-01 1.680347263911348366e+00
3.151020408163265341e-01 2.231006903588357737e+00
3.761224489795918502e-01 2.694228910024723866e+00
4.371428571428571663e-01 3.071287477495010521e+00
4.981632653061224825e-01 3.367280832524742973e+00
5.591836734693877986e-01 3.589309182060538728e+00
6.202040816326530592e-01 3.745357912270718792e+00
6.812244897959184309e-01 3.843600932838891815e+00
7.422448979591836915e-01 3.891971085232051042e+00
8.032653061224490632e-01 3.897906322839140625e+00
8.642857142857143238e-01 3.868213112473697368e+00
9.253061224489796954e-01 3.809007753048019307e+00
9.863265306122449561e-01 3.725708567761705226e+00
1.047346938775510328e+00 3.623060186971498897e+00
1.108367346938775588e+00 3.505176899068526364e+00
1.169387755102040849e+00 3.375596134580516328e+00
1.230408163265306110e+00 3.237336066720120087e+00
1.291428571428571592e+00 3.092953389733163139e+00
1.352448979591836853e+00 2.944598804515568435e+00
1.413469387755102114e+00 2.794068764138673000e+00
1.474489795918367374e+00 2.642852735629036331e+00
1.535510204081632635e+00 2.492175699400686284e+00
1.596530612244898117e+00 2.343035917350774877e+00
1.657551020408163378e+00 2.196238184067797583e+00
1.718571428571428639e+00 2.052422885159651322e+00
1.779591836734693899e+00 1.912091238835287532e+00
1.840612244897959382e+00 1.775627113597490592e+00
1.901632653061224643e+00 1.643315808504230091e+00
1.962653061224489903e+00 1.515360162107989739e+00
2.023673469387754942e+00 1.391894328112404100e+00
2.084693877551020424e+00 1.272995524172846560e+00
2.145714285714285463e+00 1.158694027834395124e+00
2.206734693877550946e+00 1.048981662058500408e+00
2.267755102040816428e+00 9.438189831461507584e-01
2.328775510204081467e+00 8.431413566591906550e-01
2.389795918367346950e+00 7.468640823923461403e-01
2.450816326530611988e+00 6.548867075791811043e-01
2.511836734693877471e+00 5.670966482310662027e-01
2.572857142857142954e+00 4.833722215239071862e-01
2.633877551020407992e+00 4.035851777551889841e-01
2.694897959183673475e+00 3.276028070257006597e-01
2.755918367346938513e+00 2.552896855894262185e-01
2.816938775510203996e+00 1.865091167255695792e-01
2.877959183673469479e+00 1.211243131785382510e-01
2.938979591836734517e+00 5.899936116424480542e-02
3.000000000000000000e+00 0.000000000000000000e+00
