1.000000000000000021e-02 -9.529223202455687769e-01
7.102040816326531114e-02 -3.469329847742339545e-01
1.320408163265306134e-01 4.015426710980007363e-01
1.930612244897959295e-01 1.149700123506692373e+00
2.540816326530612179e-01 1.842414234165444586e+00
3.151020408163265341e-01 2.453539222112043117e+00
3.761224489795918502e-01 2.972056485514876112e+00
4.371428571428571663e-01 3.395958285476212257e+00
4.981632653061224825e-01 3.728750010763885125e+00
5.591836734693877986e-01 3.977192770930284116e+00
6.202040816326530592e-01 4.149778212537630573e+00
6.812244897959184309e-01 4.255694506000049060e+00
7.422448979591836915e-01 4.304141427719131663e+00
8.032653061224490632e-01 4.303897267688677530e+00
8.642857142857143238e-01 4.263065797529467460e+00
9.253061224489796954e-01 4.188949142349284394e+00
9.863265306122449561e-01 4.088005892770385508e+00
1.047346938775510328e+00 3.965864465555012597e+00
1.108367346938775588e+00 3.827370112857717110e+00
1.169387755102040849e+00 3.676650445882960305e+00
1.230408163265306110e+00 3.517189197560811387e+00
1.291428571428571592e+00 3.351901508713508449e+00
1.352448979591836853e+00 3.183206564519166282e+00
1.413469387755102114e+00 3.013095177351999165e+00
1.474489795918367374e+00 2.843191109389247906e+00
1.535510204081632635e+00 2.674805712674838798e+00
1.596530612244898117e+00 2.508985957096119268e+00
1.657551020408163378e+00 2.346556208304844571e+00
1.718571428571428639e+00 2.188154273641250924e+00
1.779591836734693899e+00 2.034262301323733091e+00
1.840612244897959382e+00 1.885233129173850219e+00
1.901632653061224643e+00 1.741312656307739681e+00
1.962653061224489903e+00 1.602658769537780303e+00
2.023673469387754942e+00 1.469357305526296287e+00
2.084693877551020424e+00 1.341435476261359394e+00
2.145714285714285463e+00 1.218873133004088283e+00
2.206734693877550946e+00 1.101612194662368482e+00
2.267755102040816428e+00 9.895645216985924364e-01
2.328775510204081467e+00 8.826184766027072026e-01
2.389795918367346950e+00 7.806443766719292077e-01
2.450816326530611988e+00 6.834990141071668468e-01
2.511836734693877471e+00 5.910293917715460088e-01
2.572857142857142954e+00 5.030758005113824538e-01
2.633877551020407992e+00 4.194743437309189638e-01
2.694897959183673475e+00 3.400589992314606569e-01
2.755918367346938513e+00 2.646632935246076568e-01
2.816938775510203996e+00 1.931216522734386098e-01
2.877959183673469479e+00 1.252704803364106112e-01
2.938979591836734517e+00 6.094901639822110362e-02
3.000000000000000000e+00 0.000000000000000000e+00
