1.000000000000000021e-02 1.284126476155675977e+13
7.050505050505050109e-02 1.626885003186321875e+14
1.310101010101010210e-01 3.270940180493300000e+14
1.915151515151515271e-01 4.718707484901901250e+14
2.520202020202020332e-01 5.873563009027390000e+14
3.125252525252525393e-01 6.715306121240328750e+14
3.730303030303030454e-01 7.259096809506781250e+14
4.335353535353535515e-01 7.537506987459822500e+14
4.940404040404040575e-01 7.590781766617152500e+14
5.545454545454545636e-01 7.461079226389650000e+14
6.150505050505050697e-01 7.189016962536157500e+14
6.755555555555555758e-01 6.811688305302536250e+14
7.360606060606060819e-01 6.361650850080247500e+14
7.965656565656565880e-01 5.866559043802270000e+14
8.570707070707070940e-01 5.349212840023258750e+14
9.175757575757576001e-01 4.827861696260314375e+14
9.780808080808081062e-01 4.316651370646285000e+14
1.038585858585858501e+00 3.826136313587913750e+14
1.099090909090909118e+00 3.363806343560248125e+14
1.159595959595959735e+00 2.934595011567725625e+14
1.220101010101010131e+00 2.541350313454700625e+14
1.280606060606060526e+00 2.185257566894624062e+14
1.341111111111111143e+00 1.866210414369021562e+14
1.401616161616161760e+00 1.583129890014287812e+14
1.462121212121212155e+00 1.334233941752863281e+14
1.522626262626262550e+00 1.117261204653941094e+14
1.583131313131313167e+00 9.296535287495821875e+13
1.643636363636363784e+00 7.687020114635975000e+13
1.704141414141414179e+00 6.316612466966482031e+13
1.764646464646464574e+00 5.158362878831771094e+13
1.825151515151515191e+00 4.186465124121497656e+13
1.885656565656565808e+00 3.376702097178186719e+13
1.946161616161616204e+00 2.706733344366932422e+13
2.006666666666666377e+00 2.156254818911900000e+13
2.067171717171716772e+00 1.707057698777556055e+13
2.127676767676767611e+00 1.343009546376720312e+13
2.188181818181818006e+00 1.049977742916546484e+13
2.248686868686868401e+00 8.157120213742239258e+12
2.309191919191919240e+00 6.297000698543612305e+12
2.369696969696969635e+00 4.830075896327131836e+12
2.430202020202020030e+00 3.681118746203832520e+12
2.490707070707070425e+00 2.787359319702153320e+12
2.551212121212120820e+00 2.096883833974460693e+12
2.611717171717171659e+00 1.567128655646571533e+12
2.672222222222222054e+00 1.163493735240790527e+12
2.732727272727272450e+00 8.580894788701861572e+11
2.793232323232323289e+00 6.286227507492202148e+11
2.853737373737373684e+00 4.574212923524721680e+11
2.914242424242424079e+00 3.305911113688986816e+11
2.974747474747474474e+00 2.372980987790694885e+11
3.035252525252524869e+00 1.691630401242771606e+11
3.095757575757575708e+00 1.197580716306376801e+11
3.156262626262626103e+00 8.419228350875683594e+10
3.216767676767676498e+00 5.877440235956095886e+10
3.277272727272727337e+00 4.074112681238836670e+10
3.337777777777777732e+00 2.804060514348230743e+10
3.398282828282828127e+00 1.916162030318139267e+10
3.458787878787878523e+00 1.300015150638258934e+10
3.519292929292928918e+00 8.756236236946695328e+09
3.579797979797979757e+00 5.854920577317744255e+09
3.640303030303030152e+00 3.886340442972291946e+09
3.700808080808080547e+00 2.560702263487768173e+09
3.761313131313131386e+00 1.674781349876011372e+09
3.821818181818181781e+00 1.087227873793565750e+09
3.882323232323232176e+00 7.005342650970762968e+08
3.942828282828282571e+00 4.479893688337728381e+08
4.003333333333332966e+00 2.843275862194350958e+08
4.063838383838383805e+00 1.790881962951780558e+08
4.124343434343433756e+00 1.119426472026298195e+08
4.184848484848484595e+00 6.943669823503802717e+07
4.245353535353535435e+00 4.273974421604442596e+07
4.305858585858585386e+00 2.610410982888627052e+07
4.366363636363636225e+00 1.581994480381916650e+07
4.426868686868687064e+00 9.512734746595859528e+06
4.487373737373737015e+00 5.675389070819878019e+06
4.547878787878787854e+00 3.359397845041495282e+06
4.608383838383838693e+00 1.972825773031360935e+06
4.668888888888888644e+00 1.149380132687991252e+06
4.729393939393939483e+00 6.643128737449549371e+05
4.789898989898989434e+00 3.808923353078571381e+05
4.850404040404040273e+00 2.166402140109660977e+05
4.910909090909091113e+00 1.222277925354462204e+05
4.971414141414141064e+00 6.840402155801509798e+04
5.031919191919191903e+00 3.797174234493794938e+04
5.092424242424241854e+00 2.090703182084564105e+04
5.152929292929292693e+00 1.141724735952484298e+04
5.213434343434343532e+00 6.183704203203065845e+03
5.273939393939393483e+00 3.321460965864344871e+03
5.334444444444444322e+00 1.769152856948571525e+03
5.394949494949495161e+00 9.343200096175468161e+02
5.455454545454545112e+00 4.891139604309212245e+02
5.515959595959595951e+00 2.536890701541958890e+02
5.576464646464646790e+00 1.302469120183812663e+02
5.636969696969696741e+00 6.606914393939204899e+01
5.697474747474747581e+00 3.298605916877250621e+01
5.757979797979797532e+00 1.607705143058484154e+01
5.818484848484848371e+00 7.508417757296539818e+00
5.878989898989899210e+00 3.203378803467429314e+00
5.939494949494949161e+00 1.058980218839586041e+00
6.000000000000000000e+00 0.000000000000000000e+00
