1.000000000000000021e-02 -9.603004451563083022e-01
7.050505050505050109e-02 -4.408279965875299133e-01
1.310101010101010210e-01 2.211136968764674526e-01
1.915151515151515271e-01 9.054264250676277159e-01
2.520202020202020332e-01 1.564512901558200886e+00
3.125252525252525393e-01 2.174201498459773063e+00
3.730303030303030454e-01 2.722292104829798998e+00
4.335353535353535515e-01 3.203702286919466680e+00
4.940404040404040575e-01 3.617823107940052907e+00
5.545454545454545636e-01 3.966871985035547610e+00
6.150505050505050697e-01 4.254793505544967047e+00
6.755555555555555758e-01 4.486504199354198974e+00
7.360606060606060819e-01 4.667371502629181101e+00
7.965656565656565880e-01 4.802859126062108963e+00
8.570707070707070940e-01 4.898292659403213456e+00
9.175757575757576001e-01 4.958712090591654409e+00
9.780808080808081062e-01 4.988786523041684795e+00
1.038585858585858501e+00 4.992772617406373570e+00
1.099090909090909118e+00 4.974503004153993935e+00
1.159595959595959735e+00 4.937394534641945221e+00
1.220101010101010131e+00 4.884469014879382343e+00
1.280606060606060526e+00 4.818381176809181987e+00
1.341111111111111143e+00 4.741450226759964970e+00
1.401616161616161760e+00 4.655692484005706788e+00
1.462121212121212155e+00 4.562853477832346627e+00
1.522626262626262550e+00 4.464438485074472496e+00
1.583131313131313167e+00 4.361740922212077542e+00
1.643636363636363784e+00 4.255868304091724674e+00
1.704141414141414179e+00 4.147765681517670444e+00
1.764646464646464574e+00 4.038236599848740838e+00
1.825151515151515191e+00 3.927961700913418674e+00
1.885656565656565808e+00 3.817515136098922568e+00
1.946161616161616204e+00 3.707378980420663162e+00
2.006666666666666377e+00 3.597955843684870203e+00
2.067171717171716772e+00 3.489579871012259638e+00
2.127676767676767611e+00 3.382526315112641679e+00
2.188181818181818006e+00 3.277019849300696563e+00
2.248686868686868401e+00 3.173241775298660361e+00
2.309191919191919240e+00 3.071336264504247016e+00
2.369696969696969635e+00 2.971415756407825626e+00
2.430202020202020030e+00 2.873565623673054237e+00
2.490707070707070425e+00 2.777848200301286763e+00
2.551212121212120820e+00 2.684306257400363993e+00
2.611717171717171659e+00 2.592966000383555514e+00
2.672222222222222054e+00 2.503839651910057640e+00
2.732727272727272450e+00 2.416927676468092034e+00
2.793232323232323289e+00 2.332220695103446317e+00
2.853737373737373684e+00 2.249701132368800316e+00
2.914242424242424079e+00 2.169344631781949140e+00
2.974747474747474474e+00 2.091121271461960252e+00
3.035252525252524869e+00 2.014996606990586248e+00
3.095757575757575708e+00 1.940932565143113520e+00
3.156262626262626103e+00 1.868888208792394590e+00
3.216767676767676498e+00 1.798820390567683614e+00
3.277272727272727337e+00 1.730684310456373831e+00
3.337777777777777732e+00 1.664433990473991543e+00
3.398282828282828127e+00 1.600022677746607780e+00
3.458787878787878523e+00 1.537403185811421880e+00
3.519292929292928918e+00 1.476528182613973561e+00
3.579797979797979757e+00 1.417350432533221127e+00
3.640303030303030152e+00 1.359822998776078595e+00
3.700808080808080547e+00 1.303899411627380545e+00
3.761313131313131386e+00 1.249533807302329658e+00
3.821818181818181781e+00 1.196681041509833454e+00
3.882323232323232176e+00 1.145296781282675980e+00
3.942828282828282571e+00 1.095337578153041891e+00
4.003333333333332966e+00 1.046760925338520831e+00
4.063838383838383805e+00 9.995253012459845987e-01
4.124343434343433756e+00 9.535902012908645808e-01
4.184848484848484595e+00 9.089161597612893662e-01
4.245353535353535435e+00 8.654647632235882293e-01
4.305858585858585386e+00 8.231986567644401509e-01
4.366363636363636225e+00 7.820815441898353315e-01
4.426868686868687064e+00 7.420781831496420233e-01
4.487373737373737015e+00 7.031543760247036534e-01
4.547878787878787854e+00 6.652769572993165736e-01
4.608383838383838693e+00 6.284137780431338083e-01
4.668888888888888644e+00 5.925336880391710581e-01
4.729393939393939483e+00 5.576065160219652039e-01
4.789898989898989434e+00 5.236030484230034254e-01
4.850404040404040273e+00 4.904950069651692335e-01
4.910909090909091113e+00 4.582550253988932898e-01
4.971414141414141064e+00 4.268566256299387573e-01
5.031919191919191903e+00 3.962741934521383791e-01
5.092424242424241854e+00 3.664829540660835550e-01
5.152929292929292693e+00 3.374589475372092862e-01
5.213434343434343532e+00 3.091790043224703632e-01
5.273939393939393483e+00 2.816207209740115847e-01
5.334444444444444322e+00 2.547624361101137325e-01
5.394949494949495161e+00 2.285832067280443580e-01
5.455454545454545112e+00 2.030627849198978208e-01
5.515959595959595951e+00 1.781815950409102733e-01
5.576464646464646790e+00 1.539207113696156315e-01
5.636969696969696741e+00 1.302618362904318372e-01
5.697474747474747581e+00 1.071872790220741861e-01
5.757979797979797532e+00 8.467993490861869255e-02
5.818484848484848371e+00 6.272326528457349004e-02
5.878989898989899210e+00 4.130127792081000893e-02
5.939494949494949161e+00 2.039850805413806825e-02
6.000000000000000000e+00 0.000000000000000000e+00
