1.000000000000000021e-02 4.562083488241359591e+05
7.050505050505050109e-02 5.196845137524222955e+06
1.310101010101010210e-01 9.539671037568304688e+06
1.915151515151515271e-01 1.273593684272099659e+07
2.520202020202020332e-01 1.485049534833645634e+07
3.125252525252525393e-01 1.608151648768617213e+07
3.730303030303030454e-01 1.663131121850098111e+07
4.335353535353535515e-01 1.667394906055648066e+07
4.940404040404040575e-01 1.634999004237587936e+07
5.545454545454545636e-01 1.576945098222259246e+07
6.150505050505050697e-01 1.501686222173365951e+07
6.755555555555555758e-01 1.415631832483175583e+07
7.360606060606060819e-01 1.323586407477543876e+07
7.965656565656565880e-01 1.229108735285964794e+07
8.570707070707070940e-01 1.134797877178709954e+07
9.175757575757576001e-01 1.042517299998040497e+07
9.780808080808081062e-01 9.535690668233865872e+06
1.038585858585858501e+00 8.688285829414911568e+06
1.099090909090909118e+00 7.888485660147912800e+06
1.159595959595959735e+00 7.139391617250896059e+06
1.220101010101010131e+00 6.442296308619540185e+06
1.280606060606060526e+00 5.797158187033984810e+06
1.341111111111111143e+00 5.202966568019253202e+06
1.401616161616161760e+00 4.658021992289430462e+06
1.462121212121212155e+00 4.160151178610556293e+06
1.522626262626262550e+00 3.706871375695293304e+06
1.583131313131313167e+00 3.295515519558982924e+06
1.643636363636363784e+00 2.923326995661203284e+06
1.704141414141414179e+00 2.587530806394360494e+06
1.764646464646464574e+00 2.285386410354544409e+06
1.825151515151515191e+00 2.014226320519834524e+06
1.885656565656565808e+00 1.771483639623758150e+06
1.946161616161616204e+00 1.554711011658696458e+06
2.006666666666666377e+00 1.361592922791180201e+06
2.067171717171716772e+00 1.189952868860548828e+06
2.127676767676767611e+00 1.037756576586402953e+06
2.188181818181818006e+00 9.031122128899488598e+05
2.248686868686868401e+00 7.842683175830906257e+05
2.309191919191919240e+00 6.796100391814785544e+05
2.369696969696969635e+00 5.876541317329636076e+05
2.430202020202020030e+00 5.070430736674992368e+05
2.490707070707070425e+00 4.365385952152158134e+05
2.551212121212120820e+00 3.750148391095209518e+05
2.611717171717171659e+00 3.214513326459981618e+05
2.672222222222222054e+00 2.749259105289680883e+05
2.732727272727272450e+00 2.346076973958178423e+05
2.793232323232323289e+00 1.997502343060198473e+05
2.853737373737373684e+00 1.696848136076506344e+05
2.914242424242424079e+00 1.438140703937877552e+05
2.974747474747474474e+00 1.216058657262299530e+05
3.035252525252524869e+00 1.025874860093537282e+05
3.095757575757575708e+00 8.634017416563574807e+04
3.156262626262626103e+00 7.249400109196854464e+04
3.216767676767676498e+00 6.072308001950032485e+04
3.277272727272727337e+00 5.074112163273298938e+04
3.337777777777777732e+00 4.229732394787082012e+04
3.398282828282828127e+00 3.517258786368978326e+04
3.458787878787878523e+00 2.917604686526596561e+04
3.519292929292928918e+00 2.414189748622784464e+04
3.579797979797979757e+00 1.992651574024979345e+04
3.640303030303030152e+00 1.640584374962717266e+04
3.700808080808080547e+00 1.347303017023408938e+04
3.761313131313131386e+00 1.103630768767312111e+04
3.821818181818181781e+00 9.017090793915291215e+03
3.882323232323232176e+00 7.348277207472745431e+03
3.942828282828282571e+00 5.972736637069869175e+03
4.003333333333332966e+00 4.841971076321144210e+03
4.063838383838383805e+00 3.914931425701216540e+03
4.124343434343433756e+00 3.156975941499603323e+03
4.184848484848484595e+00 2.538956785579810003e+03
4.245353535353535435e+00 2.036421773264096373e+03
4.305858585858585386e+00 1.628919270636897863e+03
4.366363636363636225e+00 1.299395060472377509e+03
4.426868686868687064e+00 1.033670863534692216e+03
4.487373737373737015e+00 8.199950570737202042e+02
4.547878787878787854e+00 6.486569648335980673e+02
4.608383838383838693e+00 5.116568946222608361e+02
4.668888888888888644e+00 4.024248640361935259e+02
4.729393939393939483e+00 3.155816774713838413e+02
4.789898989898989434e+00 2.467366947105084023e+02
4.850404040404040273e+00 1.923172610724425624e+02
4.910909090909091113e+00 1.494253503716212208e+02
4.971414141414141064e+00 1.157175271594280019e+02
5.031919191919191903e+00 8.930464868422431834e+01
5.092424242424241854e+00 6.866872894812246386e+01
5.152929292929292693e+00 5.259375254577377490e+01
5.213434343434343532e+00 4.010869652545179065e+01
5.273939393939393483e+00 3.044064065781218176e+01
5.334444444444444322e+00 2.297630027093392258e+01
5.394949494949495161e+00 1.723060541657021005e+01
5.455454545454545112e+00 1.282112103465247621e+01
5.515959595959595951e+00 9.447295949842105856e+00
5.576464646464646790e+00 6.873688687197994085e+00
5.636969696969696741e+00 4.916455949483840904e+00
5.697474747474747581e+00 3.432507672182318892e+00
5.757979797979797532e+00 2.310833208186446441e+00
5.818484848484848371e+00 1.465588554558006074e+00
5.878989898989899210e+00 8.306065929380209711e-01
5.939494949494949161e+00 3.550528601741895773e-01
6.000000000000000000e+00 0.000000000000000000e+00
