1.000000000000000021e-02 -8.402955209450021501e-01
7.102040816326531114e-02 9.342871555957118490e-01
1.320408163265306134e-01 2.695032786798122970e+00
1.930612244897959295e-01 4.117379123423067888e+00
2.540816326530612179e-01 5.184290301920020383e+00
3.151020408163265341e-01 5.940338627988601239e+00
3.761224489795918502e-01 6.441283309041023308e+00
4.371428571428571663e-01 6.739350198505944967e+00
4.981632653061224825e-01 6.879178639674519147e+00
5.591836734693877986e-01 6.897407404097818606e+00
6.202040816326530592e-01 6.823483294225796136e+00
6.812244897959184309e-01 6.680789306762817681e+00
7.422448979591836915e-01 6.487752917488485593e+00
8.032653061224490632e-01 6.258818698308496131e+00
8.642857142857143238e-01 6.005259631421465016e+00
9.253061224489796954e-01 5.735836407153937166e+00
9.863265306122449561e-01 5.457325581150416660e+00
1.047346938775510328e+00 5.174939332960261318e+00
1.108367346938775588e+00 4.892657653691633080e+00
1.169387755102040849e+00 4.613490689402900635e+00
1.230408163265306110e+00 4.339685774624218340e+00
1.291428571428571592e+00 4.072890833399961608e+00
1.352448979591836853e+00 3.814283412194047873e+00
1.413469387755102114e+00 3.564672657165403713e+00
1.474489795918367374e+00 3.324579976948568660e+00
1.535510204081632635e+00 3.094302898317716988e+00
1.596530612244898117e+00 2.873965650120154258e+00
1.657551020408163378e+00 2.663559250986255567e+00
1.718571428571428639e+00 2.462973282414188336e+00
1.779591836734693899e+00 2.272021064767913323e+00
1.840612244897959382e+00 2.090459590869759410e+00
1.901632653061224643e+00 1.918005287773571599e+00
1.962653061224489903e+00 1.754346454497925034e+00
2.023673469387754942e+00 1.599153048420206336e+00
2.084693877551020424e+00 1.452084355163825835e+00
2.145714285714285463e+00 1.312794968008142771e+00
2.206734693877550946e+00 1.180939416791082053e+00
2.267755102040816428e+00 1.056175718052463131e+00
2.328775510204081467e+00 9.381680639777203456e-01
2.389795918367346950e+00 8.265888244520056549e-01
2.450816326530611988e+00 7.211200024375199469e-01
2.511836734693877471e+00 6.214542546972651182e-01
2.572857142857142954e+00 5.272955686754209337e-01
2.633877551020407992e+00 4.383596679913174254e-01
2.694897959183673475e+00 3.543742051227636858e-01
2.755918367346938513e+00 2.750787883182515547e-01
2.816938775510203996e+00 2.002248805696940359e-01
2.877959183673469479e+00 1.295756010366730937e-01
2.938979591836734517e+00 6.290545330447805394e-02
3.000000000000000000e+00 0.000000000000000000e+00
