1.000000000000000021e-02 -8.388625877327540170e-01
7.102040816326531114e-02 1.013709934901888543e+00
1.320408163265306134e-01 2.931079577134007685e+00
1.930612244897959295e-01 4.539527626073470934e+00
2.540816326530612179e-01 5.792092377556222083e+00
3.151020408163265341e-01 6.717075536703208449e+00
3.761224489795918502e-01 7.362451431935430612e+00
4.371428571428571663e-01 7.777725790818824869e+00
4.981632653061224825e-01 8.007731955402491053e+00
5.591836734693877986e-01 8.090889447323801775e+00
6.202040816326530592e-01 8.059204108636919273e+00
6.812244897959184309e-01 7.938912041589256674e+00
7.422448979591836915e-01 7.751305445437646213e+00
8.032653061224490632e-01 7.513547801313234409e+00
8.642857142857143238e-01 7.239404637559536226e+00
9.253061224489796954e-01 6.939868950532270375e+00
9.863265306122449561e-01 6.623683195850017746e+00
1.047346938775510328e+00 6.297768721319988217e+00
1.108367346938775588e+00 5.967576081220848927e+00
1.169387755102040849e+00 5.637369411230007898e+00
1.230408163265306110e+00 5.310456652824576018e+00
1.291428571428571592e+00 4.989375695493189156e+00
1.352448979591836853e+00 4.676044815445066227e+00
1.413469387755102114e+00 4.371884277248587303e+00
1.474489795918367374e+00 4.077914673803228141e+00
1.535510204081632635e+00 3.794836507030972417e+00
1.596530612244898117e+00 3.523094634057512664e+00
1.657551020408163378e+00 3.262930492892498702e+00
1.718571428571428639e+00 3.014424449080361779e+00
1.779591836734693899e+00 2.777530146568488956e+00
1.840612244897959382e+00 2.552102376370917636e+00
1.901632653061224643e+00 2.337919684556358124e+00
1.962653061224489903e+00 2.134702703464623763e+00
2.023673469387754942e+00 1.942129002098172963e+00
2.084693877551020424e+00 1.759845099772140209e+00
2.145714285714285463e+00 1.587476165602606404e+00
2.206734693877550946e+00 1.424633827681352383e+00
2.267755102040816428e+00 1.270922437973454500e+00
2.328775510204081467e+00 1.125944073899601605e+00
2.389795918367346950e+00 9.893025066941777412e-01
2.450816326530611988e+00 8.606063243737746005e-01
2.511836734693877471e+00 7.394713632866519726e-01
2.572857142857142954e+00 6.255225743957104623e-01
2.633877551020407992e+00 5.183954279079795446e-01
2.694897959183673475e+00 4.177369413906011908e-01
2.755918367346938513e+00 3.232064014097915106e-01
2.816938775510203996e+00 2.344758363493893716e-01
2.877959183673469479e+00 1.512302879006693357e-01
2.938979591836734517e+00 7.316792035967428776e-02
3.000000000000000000e+00 0.000000000000000000e+00
