1.000000000000000021e-02 -9.624361810679076257e-01
7.102040816326531114e-02 -5.045079171161916953e-01
1.320408163265306134e-01 5.261065404528910035e-03
1.930612244897959295e-01 4.650739085607240586e-01
2.540816326530612179e-01 8.530576831357631340e-01
3.151020408163265341e-01 1.168387627418664199e+00
3.761224489795918502e-01 1.417378635464189074e+00
4.371428571428571663e-01 1.608484037604682060e+00
4.981632653061224825e-01 1.750290661460796926e+00
5.591836734693877986e-01 1.850721259909910765e+00
6.202040816326530592e-01 1.916762993822248129e+00
6.812244897959184309e-01 1.954429960202578753e+00
7.422448979591836915e-01 1.968826331767492777e+00
8.032653061224490632e-01 1.964247293357871849e+00
8.642857142857143238e-01 1.944288200600099659e+00
9.253061224489796954e-01 1.911948546452799214e+00
9.863265306122449561e-01 1.869725283555936368e+00
1.047346938775510328e+00 1.819693947417105218e+00
1.108367346938775588e+00 1.763577867915242736e+00
1.169387755102040849e+00 1.702806554079173251e+00
1.230408163265306110e+00 1.638564607795521155e+00
1.291428571428571592e+00 1.571832535263839148e+00
1.352448979591836853e+00 1.503420720923571707e+00
1.413469387755102114e+00 1.433997679643157719e+00
1.474489795918367374e+00 1.364113545583704346e+00
1.535510204081632635e+00 1.294219607598447119e+00
1.596530612244898117e+00 1.224684568499591064e+00
1.657551020408163378e+00 1.155808091028158069e+00
1.718571428571428639e+00 1.087832096371027513e+00
1.779591836734693899e+00 1.020950199919693713e+00
1.840612244897959382e+00 9.553156016095489811e-01
1.901632653061224643e+00 8.910476925529986492e-01
1.962653061224489903e+00 8.282375938820795147e-01
2.023673469387754942e+00 7.669528060739170261e-01
2.084693877551020424e+00 7.072411161174084748e-01
2.145714285714285463e+00 6.491338844823238974e-01
2.206734693877550946e+00 5.926488129885747469e-01
2.267755102040816428e+00 5.377922775069806649e-01
2.328775510204081467e+00 4.845612952902560999e-01
2.389795918367346950e+00 4.329451850775677402e-01
2.450816326530611988e+00 3.829269684905958759e-01
2.511836734693877471e+00 3.344845532755493789e-01
2.572857142857142954e+00 2.875917323516726798e-01
2.633877551020407992e+00 2.422190271428967534e-01
2.694897959183673475e+00 1.983343991220166969e-01
2.755918367346938513e+00 1.559038496998780832e-01
2.816938775510203996e+00 1.148919254265910045e-01
2.877959183673469479e+00 7.526214282505849784e-02
2.938979591836734517e+00 3.697734496176697389e-02
3.000000000000000000e+00 0.000000000000000000e+00
