1.000000000000000021e-02 -8.771781593642802299e-01
7.102040816326531114e-02 6.115492427775086615e-01
1.320408163265306134e-01 2.305679329692038149e+00
1.930612244897959295e-01 3.878194715375448798e+00
2.540816326530612179e-01 5.238741007969348829e+00
3.151020408163265341e-01 6.364187512864465823e+00
3.761224489795918502e-01 7.259254482731313907e+00
4.371428571428571663e-01 7.941135697501401580e+00
4.981632653061224825e-01 8.432262205002890809e+00
5.591836734693877986e-01 8.756591062879062193e+00
6.202040816326530592e-01 8.937642120234304599e+00
6.812244897959184309e-01 8.997475570647848642e+00
7.422448979591836915e-01 8.956200991125216504e+00
8.032653061224490632e-01 8.831793945512046662e+00
8.642857142857143238e-01 8.640090961753907450e+00
9.253061224489796954e-01 8.394885631070540200e+00
9.863265306122449561e-01 8.108078626022638957e+00
1.047346938775510328e+00 7.789852539023829792e+00
1.108367346938775588e+00 7.448853678323088978e+00
1.169387755102040849e+00 7.092370072045818929e+00
1.230408163265306110e+00 6.726499486239176484e+00
1.291428571428571592e+00 6.356304188954694290e+00
1.352448979591836853e+00 5.985951061254173311e+00
1.413469387755102114e+00 5.618836830378999281e+00
1.474489795918367374e+00 5.257698915628346015e+00
1.535510204081632635e+00 4.904712789275161633e+00
1.596530612244898117e+00 4.561576967122059401e+00
1.657551020408163378e+00 4.229586826166321423e+00
1.718571428571428639e+00 3.909698447684741840e+00
1.779591836734693899e+00 3.602583634901870724e+00
1.840612244897959382e+00 3.308677176472960557e+00
1.901632653061224643e+00 3.028217335821032474e+00
1.962653061224489903e+00 2.761280447884287170e+00
2.023673469387754942e+00 2.507810410811534219e+00
2.084693877551020424e+00 2.267643767158768586e+00
2.145714285714285463e+00 2.040530985052075863e+00
2.206734693877550946e+00 1.826154472224173375e+00
2.267755102040816428e+00 1.624143786339732998e+00
2.328775510204081467e+00 1.434088443268688895e+00
2.389795918367346950e+00 1.255548669686644692e+00
2.450816326530611988e+00 1.088064400984260160e+00
2.511836734693877471e+00 9.311627788047863730e-01
2.572857142857142954e+00 7.843643723976760906e-01
2.633877551020407992e+00 6.471883116546184311e-01
2.694897959183673475e+00 5.191564950284912605e-01
2.755918367346938513e+00 3.997970114617083182e-01
2.816938775510203996e+00 2.886468954407406251e-01
2.877959183673469479e+00 1.852543170306019116e-01
2.938979591836734517e+00 8.918029393995811904e-02
3.000000000000000000e+00 0.000000000000000000e+00
