1.000000000000000021e-02 -8.707958495276381106e-01
7.102040816326531114e-02 7.888289708703605241e-01
1.320408163265306134e-01 2.821069387332187706e+00
1.930612244897959295e-01 4.828343963415886897e+00
2.540816326530612179e-01 6.661485384669946441e+00
3.151020408163265341e-01 8.253288618204276617e+00
3.761224489795918502e-01 9.578107216667415713e+00
4.371428571428571663e-01 1.063417861094864847e+01
4.981632653061224825e-01 1.143387654584151925e+01
5.591836734693877986e-01 1.199768900104976943e+01
6.202040816326530592e-01 1.235029803865828590e+01
6.812244897959184309e-01 1.251798694108143728e+01
7.422448979591836915e-01 1.252694086013552699e+01
8.032653061224490632e-01 1.240216797691501682e+01
8.642857142857143238e-01 1.216685573420920186e+01
9.253061224489796954e-01 1.184203060979005251e+01
9.863265306122449561e-01 1.144642626338154834e+01
1.047346938775510328e+00 1.099649088140416353e+01
1.108367346938775588e+00 1.050648369252689385e+01
1.169387755102040849e+00 9.988624899006163460e+00
1.230408163265306110e+00 9.453273906497530632e+00
1.291428571428571592e+00 8.909118610896909374e+00
1.352448979591836853e+00 8.363364269046744681e+00
1.413469387755102114e+00 7.821914647246716257e+00
1.474489795918367374e+00 7.289541102978841280e+00
1.535510204081632635e+00 6.770037319038110013e+00
1.596530612244898117e+00 6.266358812979342829e+00
1.657551020408163378e+00 5.780747269681786094e+00
1.718571428571428639e+00 5.314840327477597270e+00
1.779591836734693899e+00 4.869767790346007708e+00
1.840612244897959382e+00 4.446235414869160962e+00
1.901632653061224643e+00 4.044597485253519586e+00
1.962653061224489903e+00 3.664919381631324580e+00
2.023673469387754942e+00 3.307031293558753582e+00
2.084693877551020424e+00 2.970574151237222349e+00
2.145714285714285463e+00 2.655038754542911050e+00
2.206734693877550946e+00 2.359798983202664235e+00
2.267755102040816428e+00 2.084139875352001958e+00
2.328775510204081467e+00 1.827281272560723036e+00
2.389795918367346950e+00 1.588397641465683519e+00
2.450816326530611988e+00 1.366634609784423082e+00
2.511836734693877471e+00 1.161122681827050585e+00
2.572857142857142954e+00 9.709885389644345999e-01
2.633877551020407992e+00 7.953642757540388963e-01
2.694897959183673475e+00 6.333948748989511879e-01
2.755918367346938513e+00 4.842441826426676643e-01
2.816938775510203996e+00 3.470996102251389659e-01
2.877959183673469479e+00 2.211757551018079526e-01
2.938979591836734517e+00 1.057171095664839744e-01
3.000000000000000000e+00 0.000000000000000000e+00
