1.000000000000000021e-02 -9.523113704502821353e-01
7.102040816326531114e-02 -3.346629932813576236e-01
1.320408163265306134e-01 4.282966443248686361e-01
1.930612244897959295e-01 1.190346442660012993e+00
2.540816326530612179e-01 1.897408184679892029e+00
3.151020408163265341e-01 2.525111064522115978e+00
3.761224489795918502e-01 3.063678455054627658e+00
4.371428571428571663e-01 3.511489681226935833e+00
4.981632653061224825e-01 3.871665468837715007e+00
5.591836734693877986e-01 4.150042460120827670e+00
6.202040816326530592e-01 4.353899836972783710e+00
6.812244897959184309e-01 4.491137969755704340e+00
7.422448979591836915e-01 4.569747167677856048e+00
8.032653061224490632e-01 4.597470020233977550e+00
8.642857142857143238e-01 4.581595572973227171e+00
9.253061224489796954e-01 4.528843872647953184e+00
9.863265306122449561e-01 4.445312185630135637e+00
1.047346938775510328e+00 4.336462692713132228e+00
1.108367346938775588e+00 4.207137344744225516e+00
1.169387755102040849e+00 4.061589738215772627e+00
1.230408163265306110e+00 3.903526873657096719e+00
1.291428571428571592e+00 3.736155836308170830e+00
1.352448979591836853e+00 3.562232015973843424e+00
1.413469387755102114e+00 3.384106622198541636e+00
1.474489795918367374e+00 3.203772067641108556e+00
1.535510204081632635e+00 3.022904371824223002e+00
1.596530612244898117e+00 2.842902142369664542e+00
1.657551020408163378e+00 2.664921968392564899e+00
1.718571428571428639e+00 2.489910245915890830e+00
1.779591836734693899e+00 2.318631573981885463e+00
1.840612244897959382e+00 2.151693931836536677e+00
1.901632653061224643e+00 1.989570886133452454e+00
1.962653061224489903e+00 1.832621093619216435e+00
2.023673469387754942e+00 1.681105364748782804e+00
2.084693877551020424e+00 1.535201545956133673e+00
2.145714285714285463e+00 1.395017462551414678e+00
2.206734693877550946e+00 1.260602146547854296e+00
2.267755102040816428e+00 1.131955553997426867e+00
2.328775510204081467e+00 1.009036956606037760e+00
2.389795918367346950e+00 8.917721731336484270e-01
2.450816326530611988e+00 7.800597878680287645e-01
2.511836734693877471e+00 6.737764865847241103e-01
2.572857142857142954e+00 5.727816249205728294e-01
2.633877551020407992e+00 4.769211302270608410e-01
2.694897959183673475e+00 3.860308253417570334e-01
2.755918367346938513e+00 2.999392516729295077e-01
2.816938775510203996e+00 2.184700590815927268e-01
2.877959183673469479e+00 1.414440213617005060e-01
2.938979591836734517e+00 6.868072847484281429e-02
3.000000000000000000e+00 0.000000000000000000e+00
