1.000000000000000021e-02 -8.735200486007126397e-01
7.102040816326531114e-02 7.340387381816172452e-01
1.320408163265306134e-01 2.673923482431806331e+00
1.930612244897959295e-01 4.566363843726510829e+00
2.540816326530612179e-01 6.277353959049852605e+00
3.151020408163265341e-01 7.751379127605726893e+00
3.761224489795918502e-01 8.970851653091012068e+00
4.371428571428571663e-01 9.938847787101344977e+00
4.981632653061224825e-01 1.066999507120789659e+01
5.591836734693877986e-01 1.118511564023392602e+01
6.202040816326530592e-01 1.150790608657870528e+01
6.812244897959184309e-01 1.166283975541244544e+01
7.422448979591836915e-01 1.167384997458431606e+01
8.032653061224490632e-01 1.156353015856506516e+01
8.642857142857143238e-01 1.135268161975726464e+01
9.253061224489796954e-01 1.106009571243585832e+01
9.863265306122449561e-01 1.070249222751404261e+01
1.047346938775510328e+00 1.029455952019391063e+01
1.108367346938775588e+00 9.849058148741407948e+00
1.169387755102040849e+00 9.376961350742970325e+00
1.230408163265306110e+00 8.887613932481766454e+00
1.291428571428571592e+00 8.388897085530613751e+00
1.352448979591836853e+00 7.887390899337208161e+00
1.413469387755102114e+00 7.388529371626036735e+00
1.474489795918367374e+00 6.896744857125614914e+00
1.535510204081632635e+00 6.415600380919658008e+00
1.596530612244898117e+00 5.947909254029406512e+00
1.657551020408163378e+00 5.495842097802464465e+00
1.718571428571428639e+00 5.061021808080384154e+00
1.779591836734693899e+00 4.644607241790870589e+00
1.840612244897959382e+00 4.247366540871179375e+00
1.901632653061224643e+00 3.869741058064340766e+00
1.962653061224489903e+00 3.511900846428862799e+00
2.023673469387754942e+00 3.173792635850764654e+00
2.084693877551020424e+00 2.855181161975032467e+00
2.145714285714285463e+00 2.555684643855204108e+00
2.206734693877550946e+00 2.274805133399523616e+00
2.267755102040816428e+00 2.011954386175420773e+00
2.328775510204081467e+00 1.766475833333057910e+00
2.389795918367346950e+00 1.537663167791182728e+00
2.450816326530611988e+00 1.324775996319202731e+00
2.511836734693877471e+00 1.127052956153911767e+00
2.572857142857142954e+00 9.437226427111888860e-01
2.633877551020407992e+00 7.740126522561160405e-01
2.694897959183673475e+00 6.171570037837691425e-01
2.755918367346938513e+00 4.724021699549056375e-01
2.816938775510203996e+00 3.390119166723806199e-01
2.877959183673469479e+00 2.162711245290876994e-01
2.938979591836734517e+00 1.034887418905314355e-01
3.000000000000000000e+00 0.000000000000000000e+00
