1.000000000000000021e-02 8.315884438926893311e+11
7.050505050505050109e-02 1.024185659889694922e+13
1.310101010101010210e-01 2.012238569029212891e+13
1.915151515151515271e-01 2.849865911914047656e+13
2.520202020202020332e-01 3.496998363368058594e+13
3.125252525252525393e-01 3.956004694831774219e+13
3.730303030303030454e-01 4.245192754974971875e+13
4.335353535353535515e-01 4.388638858488982812e+13
4.940404040404040575e-01 4.411551456393059375e+13
5.545454545454545636e-01 4.338023776666195312e+13
6.150505050505050697e-01 4.189962887369927344e+13
6.755555555555555758e-01 3.986643187672621094e+13
7.360606060606060819e-01 3.744603937302150781e+13
7.965656565656565880e-01 3.477737360087078516e+13
8.570707070707070940e-01 3.197479021382065625e+13
9.175757575757576001e-01 2.913048089394096484e+13
9.780808080808081062e-01 2.631705957992051562e+13
1.038585858585858501e+00 2.359014311768260156e+13
1.099090909090909118e+00 2.099081528889605859e+13
1.159595959595959735e+00 1.854791238528005859e+13
1.220101010101010131e+00 1.628009970028588867e+13
1.280606060606060526e+00 1.419772795835267773e+13
1.341111111111111143e+00 1.230447101408213672e+13
1.401616161616161760e+00 1.059875354472369141e+13
1.462121212121212155e+00 9.074981769960320312e+12
1.522626262626262550e+00 7.724592489329242188e+12
1.583131313131313167e+00 6.536936689667077148e+12
1.643636363636363784e+00 5.500014127033475586e+12
1.704141414141414179e+00 4.601074932906127930e+12
1.764646464646464574e+00 3.827103643693266602e+12
1.825151515151515191e+00 3.165200228335419434e+12
1.885656565656565808e+00 2.602871762535926758e+12
1.946161616161616204e+00 2.128247435947889648e+12
2.006666666666666377e+00 1.730228571004849609e+12
2.067171717171716772e+00 1.398584338964120117e+12
2.127676767676767611e+00 1.124002853078918701e+12
2.188181818181818006e+00 8.981063306241057129e+11
2.248686868686868401e+00 7.134380431359384766e+11
2.309191919191919240e+00 5.634278292719353027e+11
2.369696969696969635e+00 4.423420327632942505e+11
2.430202020202020030e+00 3.452228600545911865e+11
2.490707070707070425e+00 2.678213354899005432e+11
2.551212121212120820e+00 2.065272744023502502e+11
2.611717171717171659e+00 1.582990025884535217e+11
2.672222222222222054e+00 1.205949292046771851e+11
2.732727272727272450e+00 9.130853201450431824e+10
2.793232323232323289e+00 6.870784003199005127e+10
2.853737373737373684e+00 5.138009787298963928e+10
2.914242424242424079e+00 3.818196564366474152e+10
2.974747474747474474e+00 2.819534351935858917e+10
3.035252525252524869e+00 2.068870561769490814e+10
3.095757575757575708e+00 1.508367679607999802e+10
3.156262626262626103e+00 1.092648154470313263e+10
3.216767676767676498e+00 7.863828971922808647e+09
3.277272727272727337e+00 5.622764894070426941e+09
3.337777777777777732e+00 3.994014533935889721e+09
3.398282828282828127e+00 2.818351163126435280e+09
3.458787878787878523e+00 1.975551757601345062e+09
3.519292929292928918e+00 1.375535712428734779e+09
3.579797979797979757e+00 9.513232033869220018e+08
3.640303030303030152e+00 6.534909568267735243e+08
3.700808080808080547e+00 4.458507876302446723e+08
3.761313131313131386e+00 3.021072436546694040e+08
3.821818181818181781e+00 2.033002080262548625e+08
3.882323232323232176e+00 1.358636530514360666e+08
3.942828282828282571e+00 9.016572286683131754e+07
4.003333333333332966e+00 5.942053320138021559e+07
4.063838383838383805e+00 3.888417895003925264e+07
4.124343434343433756e+00 2.526593022163952887e+07
4.184848484848484595e+00 1.630078494990869239e+07
4.245353535353535435e+00 1.044185699789864942e+07
4.305858585858585386e+00 6.640921189629796892e+06
4.366363636363636225e+00 4.193202799079683144e+06
4.426868686868687064e+00 2.628549635322073009e+06
4.487373737373737015e+00 1.635781570317553589e+06
4.547878787878787854e+00 1.010553950008145068e+06
4.608383838383838693e+00 6.197338451741881436e+05
4.668888888888888644e+00 3.772672289085309021e+05
4.729393939393939483e+00 2.279701086129873875e+05
4.789898989898989434e+00 1.367346570681107114e+05
4.850404040404040273e+00 8.140257594164987677e+04
4.910909090909091113e+00 4.809981713177638449e+04
4.971414141414141064e+00 2.820856774249306181e+04
5.031919191919191903e+00 1.641862921400452251e+04
5.092424242424241854e+00 9.484086977442419084e+03
5.152929292929292693e+00 5.436742708253123055e+03
5.213434343434343532e+00 3.092740244885006177e+03
5.273939393939393483e+00 1.745729132148926510e+03
5.334444444444444322e+00 9.776618285611253896e+02
5.394949494949495161e+00 5.431192890291698632e+02
5.455454545454545112e+00 2.991920358135812421e+02
5.515959595959595951e+00 1.633376728205490451e+02
5.576464646464646790e+00 8.826835541463984214e+01
5.636969696969696741e+00 4.711384229869161544e+01
5.697474747474747581e+00 2.473027796886258756e+01
5.757979797979797532e+00 1.265245722258389094e+01
5.818484848484848371e+00 6.187191328617614339e+00
5.878989898989899210e+00 2.753875768763779597e+00
5.939494949494949161e+00 9.451957352167543736e-01
6.000000000000000000e+00 0.000000000000000000e+00
