1.000000000000000021e-02 -9.593831756684120249e-01
7.050505050505050109e-02 -4.073404300727588856e-01
1.310101010101010210e-01 3.278789780485050209e-01
1.915151515151515271e-01 1.117400458399909313e+00
2.520202020202020332e-01 1.905187819683315631e+00
3.125252525252525393e-01 2.659560142404915783e+00
3.730303030303030454e-01 3.361836914642956753e+00
4.335353535353535515e-01 4.001471383392145142e+00
4.940404040404040575e-01 4.573354082393917608e+00
5.545454545454545636e-01 5.076092981726773701e+00
6.150505050505050697e-01 5.510828657694823107e+00
6.755555555555555758e-01 5.880385669198961551e+00
7.360606060606060819e-01 6.188655129964644175e+00
7.965656565656565880e-01 6.440144994355962993e+00
8.570707070707070940e-01 6.639655420075010639e+00
9.175757575757576001e-01 6.792048441817559734e+00
9.780808080808081062e-01 6.902088801540784857e+00
1.038585858585858501e+00 6.974338148034123996e+00
1.099090909090909118e+00 7.013088848831183775e+00
1.159595959595959735e+00 7.022326789501609490e+00
1.220101010101010131e+00 7.005715004876511998e+00
1.280606060606060526e+00 6.966591935269519809e+00
1.341111111111111143e+00 6.907979638051305216e+00
1.401616161616161760e+00 6.832598479339402786e+00
1.462121212121212155e+00 6.742885758792336759e+00
1.522626262626262550e+00 6.641016429347827987e+00
1.583131313131313167e+00 6.528924611698985636e+00
1.643636363636363784e+00 6.408325006741898200e+00
1.704141414141414179e+00 6.280733608440884908e+00
1.764646464646464574e+00 6.147487338755187380e+00
1.825151515151515191e+00 6.009762384613541286e+00
1.885656565656565808e+00 5.868591129401290019e+00
1.946161616161616204e+00 5.724877649715257810e+00
2.006666666666666377e+00 5.579411801031270990e+00
2.067171717171716772e+00 5.432881950446740937e+00
2.127676767676767611e+00 5.285886435673721628e+00
2.188181818181818006e+00 5.138943841003716706e+00
2.248686868686868401e+00 4.992502185822961458e+00
2.309191919191919240e+00 4.846947121535930769e+00
2.369696969696969635e+00 4.702609230023282905e+00
2.430202020202020030e+00 4.559770512095240313e+00
2.490707070707070425e+00 4.418670148634555872e+00
2.551212121212120820e+00 4.279509610796829122e+00
2.611717171717171659e+00 4.142457189117336291e+00
2.672222222222222054e+00 4.007652005020959862e+00
2.732727272727272450e+00 3.875207561826568448e+00
2.793232323232323289e+00 3.745214887239412427e+00
2.853737373737373684e+00 3.617745312787464584e+00
2.914242424242424079e+00 3.492852931906128333e+00
2.974747474747474474e+00 3.370576773124992265e+00
3.035252525252524869e+00 3.250942721033188487e+00
3.095757575757575708e+00 3.133965213972492059e+00
3.156262626262626103e+00 3.019648744136419261e+00
3.216767676767676498e+00 2.907989182823453866e+00
3.277272727272727337e+00 2.798974950981110155e+00
3.337777777777777732e+00 2.692588052859473891e+00
3.398282828282828127e+00 2.588804988532658058e+00
3.458787878787878523e+00 2.487597559223977850e+00
3.519292929292928918e+00 2.388933577756156001e+00
3.579797979797979757e+00 2.292777495019729717e+00
3.640303030303030152e+00 2.199090952091402595e+00
3.700808080808080547e+00 2.107833266519563598e+00
3.761313131313131386e+00 2.018961860310891421e+00
3.821818181818181781e+00 1.932432636269330484e+00
3.882323232323232176e+00 1.848200308614219356e+00
3.942828282828282571e+00 1.766218693052863831e+00
4.003333333333332966e+00 1.686440960959340929e+00
4.063838383838383805e+00 1.608819861737271317e+00
4.124343434343433756e+00 1.533307916993456033e+00
4.184848484848484595e+00 1.459857589730315874e+00
4.245353535353535435e+00 1.388421431410178819e+00
4.305858585858585386e+00 1.318952209409371745e+00
4.366363636363636225e+00 1.251403017104587123e+00
4.426868686868687064e+00 1.185727368577190743e+00
4.487373737373737015e+00 1.121879279699022014e+00
4.547878787878787854e+00 1.059813337165129266e+00
4.608383838383838693e+00 9.994847568640605751e-01
4.668888888888888644e+00 9.408494328201677526e-01
4.729393939393939483e+00 8.838639778058481333e-01
4.789898989898989434e+00 8.284857565983440031e-01
4.850404040404040273e+00 7.746729127481678523e-01
4.910909090909091113e+00 7.223843896296453515e-01
4.971414141414141064e+00 6.715799464585860967e-01
5.031919191919191903e+00 6.222201698861358210e-01
5.092424242424241854e+00 5.742664817106493125e-01
5.152929292929292693e+00 5.276811431889665283e-01
5.213434343434343532e+00 4.824272563754550269e-01
5.273939393939393483e+00 4.384687628694802219e-01
5.334444444444444322e+00 3.957704403106709901e-01
5.394949494949495161e+00 3.542978969175584192e-01
5.455454545454545112e+00 3.140175643490669688e-01
5.515959595959595951e+00 2.748966891108870492e-01
5.576464646464646790e+00 2.369033227282205112e-01
5.636969696969696741e+00 2.000063108679503987e-01
5.697474747474747581e+00 1.641752815766158169e-01
5.757979797979797532e+00 1.293806327794908007e-01
5.818484848484848371e+00 9.559351918150728322e-02
5.878989898989899210e+00 6.278583865851328216e-02
5.939494949494949161e+00 3.093021827619461123e-02
6.000000000000000000e+00 0.000000000000000000e+00
