1.000000000000000021e-02 2.584411270575572266e+13
7.050505050505050109e-02 3.450631988076550000e+14
1.310101010101010210e-01 7.228817457220023750e+14
1.915151515151515271e-01 1.079927702124778125e+15
2.520202020202020332e-01 1.385713458014016500e+15
3.125252525252525393e-01 1.627219981196108500e+15
3.730303030303030454e-01 1.801111523803401500e+15
4.335353535353535515e-01 1.909971737553831750e+15
4.940404040404040575e-01 1.959945698447477500e+15
5.545454545454545636e-01 1.959111049847238500e+15
6.150505050505050697e-01 1.916331704247380000e+15
6.755555555555555758e-01 1.840468819499784000e+15
7.360606060606060819e-01 1.739864388136821250e+15
7.965656565656565880e-01 1.622030916085746000e+15
8.570707070707070940e-01 1.493492742345401250e+15
9.175757575757576001e-01 1.359734896504568750e+15
9.780808080808081062e-01 1.225224753598336000e+15
1.038585858585858501e+00 1.093479988943143250e+15
1.099090909090909118e+00 9.671632724347295000e+14
1.159595959595959735e+00 8.481897334730553750e+14
1.220101010101010131e+00 7.378375657077053750e+14
1.280606060606060526e+00 6.368554067591430000e+14
1.341111111111111143e+00 5.455625137985562500e+14
1.401616161616161760e+00 4.639394613792908750e+14
1.462121212121212155e+00 3.917082775291960625e+14
1.522626262626262550e+00 3.284017434362300625e+14
1.583131313131313167e+00 2.734221206842533125e+14
1.643636363636363784e+00 2.260899124057715625e+14
1.704141414141414179e+00 1.856834722344028438e+14
1.764646464646464574e+00 1.514703876710032188e+14
1.825151515151515191e+00 1.227316102901265000e+14
1.885656565656565808e+00 9.877930583529839062e+13
1.946161616161616204e+00 7.896936596077532812e+13
2.006666666666666377e+00 6.270946995802724219e+13
2.067171717171716772e+00 4.946351678139450000e+13
2.127676767676767611e+00 3.875317039657938281e+13
2.188181818181818006e+00 3.015717881859728125e+13
2.248686868686868401e+00 2.330904279326941797e+13
2.309191919191919240e+00 1.789352648647189453e+13
2.369696969696969635e+00 1.364242203367976367e+13
2.430202020202020030e+00 1.032990413490344922e+13
2.490707070707070425e+00 7.767741406185375000e+12
2.551212121212120820e+00 5.800570347068478516e+12
2.611717171717171659e+00 4.301371283454398926e+12
2.672222222222222054e+00 3.167280458237149414e+12
2.732727272727272450e+00 2.315750466304287109e+12
2.793232323232323289e+00 1.681143606783613770e+12
2.853737373737373684e+00 1.211735084522050293e+12
2.914242424242424079e+00 8.671261242699735107e+11
2.974747474747474474e+00 6.160421612643264160e+11
3.035252525252524869e+00 4.344842518584437866e+11
3.095757575757575708e+00 3.041970423137363281e+11
3.156262626262626103e+00 2.114147382252938538e+11
3.216767676767676498e+00 1.458468138406801758e+11
3.277272727272727337e+00 9.986708352650581360e+10
3.337777777777777732e+00 6.787246966861830902e+10
3.398282828282828127e+00 4.578186262060024261e+10
3.458787878787878523e+00 3.064817308256683350e+10
3.519292929292928918e+00 2.036150679310435486e+10
3.579797979797979757e+00 1.342432771967329788e+10
3.640303030303030152e+00 8.782857262747537613e+09
3.700808080808080547e+00 5.701948698475996017e+09
3.761313131313131386e+00 3.673150868887765408e+09
3.821818181818181781e+00 2.347827651533439159e+09
3.882323232323232176e+00 1.488983479760947704e+09
3.942828282828282571e+00 9.369021364890824556e+08
4.003333333333332966e+00 5.848762124567857981e+08
4.063838383838383805e+00 3.622296471065697670e+08
4.124343434343433756e+00 2.225560926206905246e+08
4.184848484848484595e+00 1.356487600122378469e+08
4.245353535353535435e+00 8.201600759152719378e+07
4.305858585858585386e+00 4.918964782224135101e+07
4.366363636363636225e+00 2.926355953405931592e+07
4.426868686868687064e+00 1.726812627007583529e+07
4.487373737373737015e+00 1.010681691335763037e+07
4.547878787878787854e+00 5.867071799366681837e+06
4.608383838383838693e+00 3.377949392470736057e+06
4.668888888888888644e+00 1.928842267084797379e+06
4.729393939393939483e+00 1.092293693861413281e+06
4.789898989898989434e+00 6.134352723178865854e+05
4.850404040404040273e+00 3.416428063827619771e+05
4.910909090909091113e+00 1.886851592219172162e+05
4.971414141414141064e+00 1.033362834099716711e+05
5.031919191919191903e+00 5.611837644565818482e+04
5.092424242424241854e+00 3.021910111338522256e+04
5.152929292929292693e+00 1.613496441592719020e+04
5.213434343434343532e+00 8.541769995676340841e+03
5.273939393939393483e+00 4.483316706918081763e+03
5.334444444444444322e+00 2.332870703590907851e+03
5.394949494949495161e+00 1.203285891636279757e+03
5.455454545454545112e+00 6.150900525339260412e+02
5.515959595959595951e+00 3.114713807866797310e+02
5.576464646464646790e+00 1.561149687233571512e+02
5.636969696969696741e+00 7.731701288920147874e+01
5.697474747474747581e+00 3.770045021271162966e+01
5.757979797979797532e+00 1.795778244249494549e+01
5.818484848484848371e+00 8.205790239957009291e+00
5.878989898989899210e+00 3.431259518187909752e+00
5.939494949494949161e+00 1.114348407010706588e+00
6.000000000000000000e+00 0.000000000000000000e+00
