1.000000000000000021e-02 -9.858197543989722922e-01
7.102040816326531114e-02 -8.042258838256872711e-01
1.320408163265306134e-01 -5.830360945734365252e-01
1.930612244897959295e-01 -3.632678681466537385e-01
2.540816326530612179e-01 -1.585125909019481638e-01
3.151020408163265341e-01 2.581653016280130442e-02
3.761224489795918502e-01 1.879544507968301525e-01
4.371428571428571663e-01 3.279760604238767807e-01
4.981632653061224825e-01 4.469159938827844680e-01
5.591836734693877986e-01 5.462938649827753235e-01
6.202040816326530592e-01 6.278435157674975287e-01
6.812244897959184309e-01 6.933545761720371070e-01
7.422448979591836915e-01 7.445796276737942643e-01
8.032653061224490632e-01 7.831812037479810584e-01
8.642857142857143238e-01 8.107035529984918387e-01
9.253061224489796954e-01 8.285599563615390073e-01
9.863265306122449561e-01 8.380297935847194069e-01
1.047346938775510328e+00 8.402616196183413377e-01
1.108367346938775588e+00 8.362798097288814958e-01
1.169387755102040849e+00 8.269931705528146271e-01
1.230408163265306110e+00 8.132044668711182478e-01
1.291428571428571592e+00 7.956201832608925661e-01
1.352448979591836853e+00 7.748600888635961415e-01
1.413469387755102114e+00 7.514663420768717961e-01
1.474489795918367374e+00 7.259119858785804125e-01
1.535510204081632635e+00 6.986087609090020356e-01
1.596530612244898117e+00 6.699142139853435651e-01
1.657551020408163378e+00 6.401381123914227089e-01
1.718571428571428639e+00 6.095481945949159375e-01
1.779591836734693899e+00 5.783752998612454732e-01
1.840612244897959382e+00 5.468179252788947231e-01
1.901632653061224643e+00 5.150462608683764598e-01
1.962653061224489903e+00 4.832057530772064791e-01
2.023673469387754942e+00 4.514202449839395670e-01
2.084693877551020424e+00 4.197947386076582577e-01
2.145714285714285463e+00 3.884178212716383749e-01
2.206734693877550946e+00 3.573637943428372710e-01
2.267755102040816428e+00 3.266945390071995248e-01
2.328775510204081467e+00 2.964611502246374819e-01
2.389795918367346950e+00 2.667053666821380120e-01
2.450816326530611988e+00 2.374608214801542383e-01
2.511836734693877471e+00 2.087541354749184175e-01
2.572857142857142954e+00 1.806058726392964497e-01
2.633877551020407992e+00 1.530313745129258107e-01
2.694897959183673475e+00 1.260414887592284372e-01
2.755918367346938513e+00 9.964320502182064110e-02
2.816938775510203996e+00 7.384020965598975250e-02
2.877959183673469479e+00 4.863336948087999129e-02
2.938979591836734517e+00 2.402115344961058829e-02
3.000000000000000000e+00 0.000000000000000000e+00
