1.000000000000000021e-02 4.000570008387082055e+01
7.050505050505050109e-02 5.712859107923306965e+02
1.310101010101010210e-01 1.240803206521238508e+03
1.915151515151515271e-01 1.921262918394677399e+03
2.520202020202020332e-01 2.560406717003433187e+03
3.125252525252525393e-01 3.131514112859480974e+03
3.730303030303030454e-01 3.621619604067578621e+03
4.335353535353535515e-01 4.026259750210796483e+03
4.940404040404040575e-01 4.346432797797581770e+03
5.545454545454545636e-01 4.586600105842241646e+03
6.150505050505050697e-01 4.753298051820481305e+03
6.755555555555555758e-01 4.854159537478738457e+03
7.360606060606060819e-01 4.897230284262363966e+03
7.965656565656565880e-01 4.890503188781889548e+03
8.570707070707070940e-01 4.841614436500890406e+03
9.175757575757576001e-01 4.757658311141894956e+03
9.780808080808081062e-01 4.645087442294016910e+03
1.038585858585858501e+00 4.509672979409843720e+03
1.099090909090909118e+00 4.356505406968604802e+03
1.159595959595959735e+00 4.190021690192543247e+03
1.220101010101010131e+00 4.014048352427228110e+03
1.280606060606060526e+00 3.831853103084677059e+03
1.341111111111111143e+00 3.646199917798068782e+03
1.401616161616161760e+00 3.459404165747682782e+03
1.462121212121212155e+00 3.273385610819615977e+03
1.522626262626262550e+00 3.089717991157574943e+03
1.583131313131313167e+00 2.909674493613329105e+03
1.643636363636363784e+00 2.734268855188890939e+03
1.704141414141414179e+00 2.564292096653959561e+03
1.764646464646464574e+00 2.400345064922527854e+03
1.825151515151515191e+00 2.242867061045712944e+03
1.885656565656565808e+00 2.092160881991740098e+03
1.946161616161616204e+00 1.948414623134463909e+03
2.006666666666666377e+00 1.811720585906379711e+03
2.067171717171716772e+00 1.682091619595451448e+03
2.127676767676767611e+00 1.559475203333061245e+03
2.188181818181818006e+00 1.443765547759968285e+03
2.248686868686868401e+00 1.334813967865117093e+03
2.309191919191919240e+00 1.232437752022974109e+03
2.369696969696969635e+00 1.136427724645480794e+03
2.430202020202020030e+00 1.046554678002444689e+03
2.490707070707070425e+00 9.625748252732294077e+02
2.551212121212120820e+00 8.842344081869313186e+02
2.611717171717171659e+00 8.112735750012823246e+02
2.672222222222222054e+00 7.434296292931675225e+02
2.732727272727272450e+00 6.804397366155291138e+02
2.793232323232323289e+00 6.220431644346626854e+02
2.853737373737373684e+00 5.679831203823292753e+02
2.914242424242424079e+00 5.180082454439798312e+02
2.974747474747474474e+00 4.718738107204092103e+02
3.035252525252524869e+00 4.293426597685206616e+02
3.095757575757575708e+00 3.901859333332027404e+02
3.156262626262626103e+00 3.541836078088061299e+02
3.216767676767676498e+00 3.211248748753884001e+02
3.277272727272727337e+00 2.908083860035850421e+02
3.337777777777777732e+00 2.630423823795427438e+02
3.398282828282828127e+00 2.376447281439723440e+02
3.458787878787878523e+00 2.144428623071144955e+02
3.519292929292928918e+00 1.932736829668871508e+02
3.579797979797979757e+00 1.739833754021856862e+02
3.640303030303030152e+00 1.564271942508532618e+02
3.700808080808080547e+00 1.404692085970060020e+02
3.761313131313131386e+00 1.259820176394465108e+02
3.821818181818181781e+00 1.128464435996771584e+02
3.882323232323232176e+00 1.009512076417227746e+02
3.942828282828282571e+00 9.019259379903046181e+01
4.003333333333332966e+00 8.047410522118231313e+01
4.063838383838383805e+00 7.170611645258048839e+01
4.124343434343433756e+00 6.380552492574052792e+01
4.184848484848484595e+00 5.669540438446298225e+01
4.245353535353535435e+00 5.030466253880185690e+01
4.305858585858585386e+00 4.456770488812166775e+01
4.366363636363636225e+00 3.942410632467323239e+01
4.426868686868687064e+00 3.481829184333690819e+01
4.487373737373737015e+00 3.069922742921094283e+01
4.547878787878787854e+00 2.702012196996371785e+01
4.608383838383838693e+00 2.373814084125412194e+01
4.668888888888888644e+00 2.081413163839807368e+01
4.729393939393939483e+00 1.821236237315290296e+01
4.789898989898989434e+00 1.590027231948553776e+01
4.850404040404040273e+00 1.384823557404273409e+01
4.910909090909091113e+00 1.202933729457720524e+01
4.971414141414141064e+00 1.041916249107918802e+01
5.031919191919191903e+00 8.995597168649069886e+00
5.092424242424241854e+00 7.738641556930666354e+00
5.152929292929292693e+00 6.630235107193400701e+00
5.213434343434343532e+00 5.654092893863367664e+00
5.273939393939393483e+00 4.795553021562596108e+00
5.334444444444444322e+00 4.041434610661824856e+00
5.394949494949495161e+00 3.379905913213802293e+00
5.455454545454545112e+00 2.800362972560417330e+00
5.515959595959595951e+00 2.293312219312676259e+00
5.576464646464646790e+00 1.850274930769168158e+00
5.636969696969696741e+00 1.463682402612351829e+00
5.697474747474747581e+00 1.126792032543934230e+00
5.757979797979797532e+00 8.336054442704701195e-01
5.818484848484848371e+00 5.787943286313754765e-01
5.878989898989899210e+00 3.576326792978213875e-01
5.939494949494949161e+00 1.659349905600600028e-01
6.000000000000000000e+00 0.000000000000000000e+00
