1.000000000000000021e-02 -9.523681767161831235e-01
7.102040816326531114e-02 -3.643635366226823935e-01
1.320408163265306134e-01 3.206718500479498468e-01
1.930612244897959295e-01 9.722521262792431784e-01
2.540816326530612179e-01 1.551779502786589937e+00
3.151020408163265341e-01 2.047187010311085409e+00
3.761224489795918502e-01 2.457691254278370874e+00
4.371428571428571663e-01 2.787795605209185457e+00
4.981632653061224825e-01 3.044436253430251149e+00
5.591836734693877986e-01 3.235492646431500141e+00
6.202040816326530592e-01 3.368977574424577348e+00
6.812244897959184309e-01 3.452595691482433171e+00
7.422448979591836915e-01 3.493512511918389407e+00
8.032653061224490632e-01 3.498247262381172007e+00
8.642857142857143238e-01 3.472639407998428407e+00
9.253061224489796954e-01 3.421858643335736971e+00
9.863265306122449561e-01 3.350439699435250773e+00
1.047346938775510328e+00 3.262330295732236429e+00
1.108367346938775588e+00 3.160944911650325650e+00
1.169387755102040849e+00 3.049219820828797278e+00
1.230408163265306110e+00 2.929666620496798046e+00
1.291428571428571592e+00 2.804422653247628627e+00
1.352448979591836853e+00 2.675297477011652436e+00
1.413469387755102114e+00 2.543815028922680632e+00
1.474489795918367374e+00 2.411251439699675370e+00
1.535510204081632635e+00 2.278668646294430999e+00
1.596530612244898117e+00 2.146944061610886134e+00
1.657551020408163378e+00 2.016796617995046503e+00
1.718571428571428639e+00 1.888809524262339057e+00
1.779591836734693899e+00 1.763450076794142118e+00
1.840612244897959382e+00 1.641086852228101911e+00
1.901632653061224643e+00 1.522004588269586955e+00
1.962653061224489903e+00 1.406417034042658942e+00
2.023673469387754942e+00 1.294478024730496113e+00
2.084693877551020424e+00 1.186291008674654091e+00
2.145714285714285463e+00 1.081917229620334764e+00
2.206734693877550946e+00 9.813827430018658982e-01
2.267755102040816428e+00 8.846844233513394551e-01
2.328775510204081467e+00 7.917951001958513091e-01
2.389795918367346950e+00 7.026679421633802436e-01
2.450816326530611988e+00 6.172401933583109290e-01
2.511836734693877471e+00 5.354363522538694298e-01
2.572857142857142954e+00 4.571708712284500709e-01
2.633877551020407992e+00 3.823504442780659152e-01
2.694897959183673475e+00 3.108759412088626384e-01
2.755918367346938513e+00 2.426440385940176747e-01
2.816938775510203996e+00 1.775485908279120506e-01
2.877959183673469479e+00 1.154817785926426782e-01
2.938979591836734517e+00 5.633506685221364302e-02
3.000000000000000000e+00 0.000000000000000000e+00
