1.000000000000000021e-02 -8.908477329908488507e-01
7.050505050505050109e-02 3.774774107267706569e-01
1.310101010101010210e-01 1.727781455464501015e+00
1.915151515151515271e-01 2.901181381809152970e+00
2.520202020202020332e-01 3.858304622716024923e+00
3.125252525252525393e-01 4.611244456621133914e+00
3.730303030303030454e-01 5.186417727730511018e+00
4.335353535353535515e-01 5.612362563011622285e+00
4.940404040404040575e-01 5.915460290181228764e+00
5.545454545454545636e-01 6.118623576480954895e+00
6.150505050505050697e-01 6.241154041244024953e+00
6.755555555555555758e-01 6.299045448395482083e+00
7.360606060606060819e-01 6.305426863026582396e+00
7.965656565656565880e-01 6.271016804875251260e+00
8.570707070707070940e-01 6.204537326347573156e+00
9.175757575757576001e-01 6.113071756123074962e+00
9.780808080808081062e-01 6.002365098694114387e+00
1.038585858585858501e+00 5.877072268391458465e+00
1.099090909090909118e+00 5.740961333416875867e+00
1.159595959595959735e+00 5.597079060505317116e+00
1.220101010101010131e+00 5.447885388001747486e+00
1.280606060606060526e+00 5.295362537232041866e+00
1.341111111111111143e+00 5.141103538203501522e+00
1.401616161616161760e+00 4.986384096296193391e+00
1.462121212121212155e+00 4.832220995226764515e+00
1.522626262626262550e+00 4.679419620659090562e+00
1.583131313131313167e+00 4.528612687665273029e+00
1.643636363636363784e+00 4.380291848562101187e+00
1.704141414141414179e+00 4.234833529819748144e+00
1.764646464646464574e+00 4.092520083481964832e+00
1.825151515151515191e+00 3.953557127537245197e+00
1.885656565656565808e+00 3.818087780688456334e+00
1.946161616161616204e+00 3.686204361585802669e+00
2.006666666666666377e+00 3.557958014041052497e+00
2.067171717171716772e+00 3.433366632600604706e+00
2.127676767676767611e+00 3.312421392784200780e+00
2.188181818181818006e+00 3.195092133852131866e+00
2.248686868686868401e+00 3.081331796405693435e+00
2.309191919191919240e+00 2.971080080280113389e+00
2.369696969696969635e+00 2.864266458318004638e+00
2.430202020202020030e+00 2.760812657365888434e+00
2.490707070707070425e+00 2.660634698078730764e+00
2.551212121212120820e+00 2.563644569019294384e+00
2.611717171717171659e+00 2.469751597364833184e+00
2.672222222222222054e+00 2.378863567769161858e+00
2.732727272727272450e+00 2.290887632039087851e+00
2.793232323232323289e+00 2.205731045045363548e+00
2.853737373737373684e+00 2.123301756266979368e+00
2.914242424242424079e+00 2.043508881420154299e+00
2.974747474747474474e+00 1.966263074532529798e+00
3.035252525252524869e+00 1.891476817430693069e+00
3.095757575757575708e+00 1.819064640794984422e+00
3.156262626262626103e+00 1.748943288598277856e+00
3.216767676767676498e+00 1.681031835799602137e+00
3.277272727272727337e+00 1.615251767542393191e+00
3.337777777777777732e+00 1.551527026754425886e+00
3.398282828282828127e+00 1.489784035916689620e+00
3.458787878787878523e+00 1.429951697822398948e+00
3.519292929292928918e+00 1.371961379358014543e+00
3.579797979797979757e+00 1.315746881672995139e+00
3.640303030303030152e+00 1.261244399550346840e+00
3.700808080808080547e+00 1.208392472323070788e+00
3.761313131313131386e+00 1.157131928289455658e+00
3.821818181818181781e+00 1.107405824251381121e+00
3.882323232323232176e+00 1.059159381522610799e+00
3.942828282828282571e+00 1.012339919519016140e+00
4.003333333333332966e+00 9.668967878666046012e-01
4.063838383838383805e+00 9.227812977433819119e-01
4.124343434343433756e+00 8.799466531076504117e-01
4.184848484848484595e+00 8.383478823196475194e-01
4.245353535353535435e+00 7.979417705131371941e-01
4.305858585858585386e+00 7.586867930822126516e-01
4.366363636363636225e+00 7.205430505176740885e-01
4.426868686868687064e+00 6.834722047918994070e-01
4.487373737373737015e+00 6.474374174399100124e-01
4.547878787878787854e+00 6.124032894449615849e-01
4.608383838383838693e+00 5.783358030035735675e-01
4.668888888888888644e+00 5.452022652177423989e-01
4.729393939393939483e+00 5.129712537396656780e-01
4.789898989898989434e+00 4.816125643754394225e-01
4.850404040404040273e+00 4.510971606395764999e-01
4.910909090909091113e+00 4.213971252396455647e-01
4.971414141414141064e+00 3.924856134608427638e-01
5.031919191919191903e+00 3.643368084124209427e-01
5.092424242424241854e+00 3.369258780919893725e-01
5.152929292929292693e+00 3.102289342191054677e-01
5.213434343434343532e+00 2.842229927862181538e-01
5.273939393939393483e+00 2.588859362726721458e-01
5.334444444444444322e+00 2.341964774658564230e-01
5.394949494949495161e+00 2.101341248329041400e-01
5.455454545454545112e+00 1.866791493858233897e-01
5.515959595959595951e+00 1.638125529833424354e-01
5.576464646464646790e+00 1.415160380130869866e-01
5.636969696969696741e+00 1.197719783987570702e-01
5.697474747474747581e+00 9.856339187787177547e-02
5.757979797979797532e+00 7.787391349704737842e-02
5.818484848484848371e+00 5.768777027309637123e-02
5.878989898989899210e+00 3.798975696985382872e-02
5.939494949494949161e+00 1.876521294215182864e-02
6.000000000000000000e+00 0.000000000000000000e+00
