1.000000000000000021e-02 2.754983965895401177e-01
7.050505050505050109e-02 1.727937905316940714e+01
1.310101010101010210e-01 3.948735755121663260e+01
1.915151515151515271e-01 6.281176750234730832e+01
2.520202020202020332e-01 8.542939270342992586e+01
3.125252525252525393e-01 1.063107855636043269e+02
3.730303030303030454e-01 1.248783863857810559e+02
4.335353535353535515e-01 1.408516355963633657e+02
4.940404040404040575e-01 1.541528851666504352e+02
5.545454545454545636e-01 1.648417816870269235e+02
6.150505050505050697e-01 1.730670797617236190e+02
6.755555555555555758e-01 1.790309944235978321e+02
7.360606060606060819e-01 1.829632204747904325e+02
7.965656565656565880e-01 1.851025174459488198e+02
8.570707070707070940e-01 1.856841540579210630e+02
9.175757575757576001e-01 1.849317952214517220e+02
9.780808080808081062e-01 1.830526705099262301e+02
1.038585858585858501e+00 1.802350966311100535e+02
1.099090909090909118e+00 1.766476333761645776e+02
1.159595959595959735e+00 1.724393283625435913e+02
1.220101010101010131e+00 1.677406495167515175e+02
1.280606060606060526e+00 1.626648176315403873e+02
1.341111111111111143e+00 1.573093382528665245e+02
1.401616161616161760e+00 1.517575971823154646e+02
1.462121212121212155e+00 1.460804312322894134e+02
1.522626262626262550e+00 1.403376199071714723e+02
1.583131313131313167e+00 1.345792672615847039e+02
1.643636363636363784e+00 1.288470593753339699e+02
1.704141414141414179e+00 1.231753935624052758e+02
1.764646464646464574e+00 1.175923821693732378e+02
1.825151515151515191e+00 1.121207379806732121e+02
1.885656565656565808e+00 1.067785503954793711e+02
1.946161616161616204e+00 1.015799625348580975e+02
2.006666666666666377e+00 9.653575964013241162e+01
2.067171717171716772e+00 9.165387875628994152e+01
2.127676767676767611e+00 8.693984909055940591e+01
2.188181818181818006e+00 8.239717165476193372e+01
2.248686868686868401e+00 7.802764596511549655e+01
2.309191919191919240e+00 7.383165073686191704e+01
2.369696969696969635e+00 6.980838471020413749e+01
2.430202020202020030e+00 6.595607299857630323e+01
2.490707070707070425e+00 6.227214367166484266e+01
2.551212121212120820e+00 5.875337867316952156e+01
2.611717171717171659e+00 5.539604263274646456e+01
2.672222222222222054e+00 5.219599265122683107e+01
2.732727272727272450e+00 4.914877171986949378e+01
2.793232323232323289e+00 4.624968806870056426e+01
2.853737373737373684e+00 4.349388242161005280e+01
2.914242424242424079e+00 4.087638486105803537e+01
2.974747474747474474e+00 3.839216276783190551e+01
3.035252525252524869e+00 3.603616109653243171e+01
3.095757575757575708e+00 3.380333607156064346e+01
3.156262626262626103e+00 3.168868323380763741e+01
3.216767676767676498e+00 2.968726064528810937e+01
3.277272727272727337e+00 2.779420793836251491e+01
3.337777777777777732e+00 2.600476179908384466e+01
3.398282828282828127e+00 2.431426840570178527e+01
3.458787878787878523e+00 2.271819325376324983e+01
3.519292929292928918e+00 2.121212874992178499e+01
3.579797979797979757e+00 1.979179990014346302e+01
3.640303030303030152e+00 1.845306837341160033e+01
3.700808080808080547e+00 1.719193518317753089e+01
3.761313131313131386e+00 1.600454219541521539e+01
3.821818181818181781e+00 1.488717264337645041e+01
3.882323232323232176e+00 1.383625080414612363e+01
3.942828282828282571e+00 1.284834097245361484e+01
4.003333333333332966e+00 1.192014584334210348e+01
4.063838383838383805e+00 1.104850140493190835e+01
4.124343434343433756e+00 1.023038669957043290e+01
4.184848484848484595e+00 9.462902188674847892e+00
4.245353535353535435e+00 8.743281772345921965e+00
4.305858585858585386e+00 8.068876778239246761e+00
4.366363636363636225e+00 7.437166938052167886e+00
4.426868686868687064e+00 6.845746944805062739e+00
4.487373737373737015e+00 6.292325295280877917e+00
4.547878787878787854e+00 5.774720556104827374e+00
4.608383838383838693e+00 5.290857599916634513e+00
4.668888888888888644e+00 4.838763833728418007e+00
4.729393939393939483e+00 4.416565438322546555e+00
4.789898989898989434e+00 4.022483634608922998e+00
4.850404040404040273e+00 3.654830991189955913e+00
4.910909090909091113e+00 3.312007782933095168e+00
4.971414141414141064e+00 2.992498412274385622e+00
5.031919191919191903e+00 2.694867899679056933e+00
5.092424242424241854e+00 2.417758450412220039e+00
5.152929292929292693e+00 2.159886102864751578e+00
5.213434343434343532e+00 1.920037462700436182e+00
5.273939393939393483e+00 1.697066526164458411e+00
5.334444444444444322e+00 1.489891595075454767e+00
5.394949494949495161e+00 1.297492285322184413e+00
5.455454545454545112e+00 1.118906630064594676e+00
5.515959595959595951e+00 9.532282783076782007e-01
5.576464646464646790e+00 7.996037890465544917e-01
5.636969696969696741e+00 6.572300207786667681e-01
5.697474747474747581e+00 5.253516158271073211e-01
5.757979797979797532e+00 4.032585786150867935e-01
5.818484848484848371e+00 2.902839467703185461e-01
5.878989898989899210e+00 1.858015537114784399e-01
5.939494949494949161e+00 8.922388117824650577e-02
6.000000000000000000e+00 0.000000000000000000e+00
