1.000000000000000021e-02 -8.692378948406609407e-01
7.102040816326531114e-02 7.662312956970310784e-01
1.320408163265306134e-01 2.711835227657065861e+00
1.930612244897959295e-01 4.588260364784792600e+00
2.540816326530612179e-01 6.264055478617704509e+00
3.151020408163265341e-01 7.686421637432263587e+00
3.761224489795918502e-01 8.841008861532534624e+00
4.371428571428571663e-01 9.734647734649257700e+00
4.981632653061224825e-01 1.038597823215969385e+01
5.591836734693877986e-01 1.081976638867154783e+01
6.202040816326530592e-01 1.106329904151525056e+01
6.812244897959184309e-01 1.114408835362283945e+01
7.422448979591836915e-01 1.108845107809719366e+01
8.032653061224490632e-01 1.092068484766727288e+01
8.642857142857143238e-01 1.066265120915380393e+01
9.253061224489796954e-01 1.033363067881136388e+01
9.863265306122449561e-01 9.950353650743986478e+00
1.047346938775510328e+00 9.527138984808587452e+00
1.108367346938775588e+00 9.076092737722639470e+00
1.169387755102040849e+00 8.607334681715155256e+00
1.230408163265306110e+00 8.129231293407505277e+00
1.291428571428571592e+00 7.648621788373109354e+00
1.352448979591836853e+00 7.171029306488335031e+00
1.413469387755102114e+00 6.700853135159881901e+00
1.474489795918367374e+00 6.241540369600410365e+00
1.535510204081632635e+00 5.795737015861512909e+00
1.596530612244898117e+00 5.365419515876299172e+00
1.657551020408163378e+00 4.952008214461456781e+00
1.718571428571428639e+00 4.556464540421712783e+00
1.779591836734693899e+00 4.179373739870981375e+00
1.840612244897959382e+00 3.821014950817923417e+00
1.901632653061224643e+00 3.481420292547819262e+00
1.962653061224489903e+00 3.160424493801637702e+00
2.023673469387754942e+00 2.857706421277293796e+00
2.084693877551020424e+00 2.572823707745990340e+00
2.145714285714285463e+00 2.305241524913257400e+00
2.206734693877550946e+00 2.054356404300989869e+00
2.267755102040816428e+00 1.819515881782444611e+00
2.328775510204081467e+00 1.600034628385079261e+00
2.389795918367346950e+00 1.395207631117671765e+00
2.450816326530611988e+00 1.204320901890349571e+00
2.511836734693877471e+00 1.026660118859828552e+00
2.572857142857142954e+00 8.615175414331555093e-01
2.633877551020407992e+00 7.081974864040136985e-01
2.694897959183673475e+00 5.660206070577905590e-01
2.755918367346938513e+00 4.343271784456327334e-01
2.816938775510203996e+00 3.124795593914777014e-01
2.877959183673469479e+00 1.998639743151511550e-01
2.938979591836734517e+00 9.589173451152076255e-02
3.000000000000000000e+00 0.000000000000000000e+00
