1.000000000000000021e-02 -8.747098237367638696e-01
7.102040816326531114e-02 6.600131647336107132e-01
1.320408163265306134e-01 2.433243276895820095e+00
1.930612244897959295e-01 4.101583197169471617e+00
2.540816326530612179e-01 5.561990014023493245e+00
3.151020408163265341e-01 6.782251074934598556e+00
3.761224489795918502e-01 7.761228447185818169e+00
4.371428571428571663e-01 8.512849240173485654e+00
4.981632653061224825e-01 9.058216431151482340e+00
5.591836734693877986e-01 9.421321096740982171e+00
6.202040816326530592e-01 9.626610213452083897e+00
6.812244897959184309e-01 9.697603442194237644e+00
7.422448979591836915e-01 9.656137220967767831e+00
8.032653061224490632e-01 9.521995421955638861e+00
8.642857142857143238e-01 9.312780386071704442e+00
9.253061224489796954e-01 9.043931865547762072e+00
9.863265306122449561e-01 8.728833954404915829e+00
1.047346938775510328e+00 8.378970769708061539e+00
1.108367346938775588e+00 8.004105226805302564e+00
1.169387755102040849e+00 7.612464351499036219e+00
1.230408163265306110e+00 7.210920731703676090e+00
1.291428571428571592e+00 6.805163887641223930e+00
1.352448979591836853e+00 6.399858155098844037e+00
1.413469387755102114e+00 5.998785549072654710e+00
1.474489795918367374e+00 5.604973293308938231e+00
1.535510204081632635e+00 5.220806466127072554e+00
1.596530612244898117e+00 4.848126666274228391e+00
1.657551020408163378e+00 4.488317844551873215e+00
1.718571428571428639e+00 4.142380548189621869e+00
1.779591836734693899e+00 3.810995834943198712e+00
1.840612244897959382e+00 3.494580067138746582e+00
1.901632653061224643e+00 3.193331716064935488e+00
1.962653061224489903e+00 2.907271210277408535e+00
2.023673469387754942e+00 2.636274758148292374e+00
2.084693877551020424e+00 2.380102972197042366e+00
2.145714285714285463e+00 2.138425024561268817e+00
2.206734693877550946e+00 1.910838971798696218e+00
2.267755102040816428e+00 1.696888804213027901e+00
2.328775510204081467e+00 1.496078700555921959e+00
2.389795918367346950e+00 1.307884902025048035e+00
2.450816326530611988e+00 1.131765564493126375e+00
2.511836734693877471e+00 9.671688909791658073e-01
2.572857142857142954e+00 8.135398100482323924e-01
2.633877551020407992e+00 6.703254215225137314e-01
2.694897959183673475e+00 5.369794011429807057e-01
2.755918367346938513e+00 4.129655267173975575e-01
2.816938775510203996e+00 2.977604642145720848e-01
2.877959183673469479e+00 1.908559315718299509e-01
2.938979591836734517e+00 9.176034032518108619e-02
3.000000000000000000e+00 0.000000000000000000e+00
