1.000000000000000021e-02 5.847061853398128906e+12
7.050505050505050109e-02 7.338726718103942188e+13
1.310101010101010210e-01 1.464417416267396875e+14
1.915151515151515271e-01 2.100148375009530000e+14
2.520202020202020332e-01 2.602513896867587500e+14
3.125252525252525393e-01 2.966060057925145000e+14
3.730303030303030454e-01 3.199708059599228750e+14
4.335353535353535515e-01 3.318928039633762500e+14
4.940404040404040575e-01 3.341727304354150625e+14
5.545454545454545636e-01 3.286410948866520625e+14
6.150505050505050697e-01 3.170312037657258750e+14
6.755555555555555758e-01 3.009103763155434375e+14
7.360606060606060819e-01 2.816477110254942500e+14
7.965656565656565880e-01 2.604050682261494688e+14
8.570707070707070940e-01 2.381425594632477188e+14
9.175757575757576001e-01 2.156326896274816250e+14
9.780808080808081062e-01 1.934791880364924688e+14
1.038585858585858501e+00 1.721378668517943750e+14
1.099090909090909118e+00 1.519377582341101562e+14
1.159595959595959735e+00 1.331014234982261875e+14
1.220101010101010131e+00 1.157637755102811406e+14
1.280606060606060526e+00 9.998906380117821875e+13
1.341111111111111143e+00 8.578587964205784375e+13
1.401616161616161760e+00 7.312017454991734375e+13
1.462121212121212155e+00 6.192637161827130469e+13
1.522626262626262550e+00 5.211670019297203125e+13
1.583131313131313167e+00 4.358891188527067969e+13
1.643636363636363784e+00 3.623254763184233594e+13
1.704141414141414179e+00 2.993392697634035938e+13
1.764646464646464574e+00 2.458002573813178516e+13
1.825151515151515191e+00 2.006139922428244922e+13
1.885656565656565808e+00 1.627429696240069531e+13
1.946161616161616204e+00 1.312210238893275000e+13
2.006666666666666377e+00 1.051621807340324609e+13
2.067171717171716772e+00 8.376504043849003906e+12
2.127676767676767611e+00 6.631364081624580078e+12
2.188181818181818006e+00 5.217562604568168945e+12
2.248686868686868401e+00 4.079843122707772461e+12
2.309191919191919240e+00 3.170408328452311523e+12
2.369696969696969635e+00 2.448311768823227051e+12
2.430202020202020030e+00 1.878801797630595215e+12
2.490707070707070425e+00 1.432650167962253906e+12
2.551212121212120820e+00 1.085490225033977783e+12
2.611717171717171659e+00 8.171832016962755127e+11
2.672222222222222054e+00 6.112257581127102051e+11
2.732727272727272450e+00 4.542059172385053711e+11
2.793232323232323289e+00 3.353154919079912109e+11
2.853737373737373684e+00 2.459146070067263184e+11
2.914242424242424079e+00 1.791534485008068542e+11
2.974747474747474474e+00 1.296451958438299408e+11
3.035252525252524869e+00 9.318766204365397644e+10
3.095757575757575708e+00 6.652908450966062927e+10
3.156262626262626103e+00 4.717331038431921387e+10
3.216767676767676498e+00 3.321953242293024063e+10
3.277272727272727337e+00 2.323185459965684891e+10
3.337777777777777732e+00 1.613423912226822662e+10
3.398282828282828127e+00 1.112675648853140640e+10
3.458787878787878523e+00 7.619486678856173515e+09
3.519292929292928918e+00 5.180853621290857315e+09
3.579797979797979757e+00 3.497659616499898911e+09
3.640303030303030152e+00 2.344425925223476410e+09
3.700808080808080547e+00 1.560129461658295870e+09
3.761313131313131386e+00 1.030700725686350942e+09
3.821818181818181781e+00 6.759822168462625742e+08
3.882323232323232176e+00 4.401005251789399981e+08
3.942828282828282571e+00 2.844237555577147007e+08
4.003333333333332966e+00 1.824571572598873973e+08
4.063838383838383805e+00 1.161772115753486603e+08
4.124343434343433756e+00 7.342267495177602768e+07
4.184848484848484595e+00 4.605461132677362859e+07
4.245353535353535435e+00 2.867044333692644536e+07
4.305858585858585386e+00 1.771328108410861716e+07
4.366363636363636225e+00 1.086055781054008380e+07
4.426868686868687064e+00 6.608139348788310774e+06
4.487373737373737015e+00 3.989935388627264649e+06
4.547878787878787854e+00 2.390551130583345424e+06
4.608383838383838693e+00 1.421221699632548727e+06
4.668888888888888644e+00 8.383851277371085016e+05
4.729393939393939483e+00 4.907154847454948467e+05
4.789898989898989434e+00 2.849752247176319943e+05
4.850404040404040273e+00 1.641959337794931780e+05
4.910909090909091113e+00 9.386041889116924722e+04
4.971414141414141064e+00 5.322971217602623801e+04
5.031919191919191903e+00 2.994771274182768320e+04
5.092424242424241854e+00 1.671462410319455012e+04
5.152929292929292693e+00 9.254153132629766333e+03
5.213434343434343532e+00 5.082342963803690509e+03
5.273939393939393483e+00 2.768544863470066048e+03
5.334444444444444322e+00 1.495749663092275114e+03
5.394949494949495161e+00 8.013437332204495078e+02
5.455454545454545112e+00 4.256101914778247988e+02
5.515959595959595951e+00 2.239834428727573936e+02
5.576464646464646790e+00 1.166813748576456504e+02
5.636969696969696741e+00 6.005091648380954439e+01
5.697474747474747581e+00 3.041185021175636294e+01
5.757979797979797532e+00 1.502881723814238057e+01
5.818484848484848371e+00 7.111589661844172738e+00
5.878989898989899210e+00 3.070962145279910960e+00
5.939494949494949161e+00 1.026119031976156615e+00
6.000000000000000000e+00 0.000000000000000000e+00
