1.000000000000000021e-02 -9.598381537249371931e-01
7.050505050505050109e-02 -4.082387636026086342e-01
1.310101010101010210e-01 3.367316226182427430e-01
1.915151515151515271e-01 1.145936955169837956e+00
2.520202020202020332e-01 1.960536193681273742e+00
3.125252525252525393e-01 2.745665230620159214e+00
3.730303030303030454e-01 3.479805902173695564e+00
4.335353535353535515e-01 4.150181063313769236e+00
4.940404040404040575e-01 4.750102953573778208e+00
5.545454545454545636e-01 5.277192488702078244e+00
6.150505050505050697e-01 5.732088827509627116e+00
6.755555555555555758e-01 6.117484918907040381e+00
7.360606060606060819e-01 6.437402487418556696e+00
7.965656565656565880e-01 6.696651428848167775e+00
8.570707070707070940e-01 6.900433411363369629e+00
9.175757575757576001e-01 7.054058003051468795e+00
9.780808080808081062e-01 7.162745666097956487e+00
1.038585858585858501e+00 7.231496798937172343e+00
1.099090909090909118e+00 7.265010112321951041e+00
1.159595959595959735e+00 7.267637122171768382e+00
1.220101010101010131e+00 7.243362482708392669e+00
1.280606060606060526e+00 7.195802296603794446e+00
1.341111111111111143e+00 7.128214494622050701e+00
1.401616161616161760e+00 7.043516913246079092e+00
1.462121212121212155e+00 6.944309898314613427e+00
1.522626262626262550e+00 6.832901176835743051e+00
1.583131313131313167e+00 6.711331428095362206e+00
1.643636363636363784e+00 6.581399496464999999e+00
1.704141414141414179e+00 6.444686562361276572e+00
1.764646464646464574e+00 6.302578857303317683e+00
1.825151515151515191e+00 6.156288699876061976e+00
1.885656565656565808e+00 6.006873761831944769e+00
1.946161616161616204e+00 5.855254563097956222e+00
2.006666666666666377e+00 5.702230252823290435e+00
2.067171717171716772e+00 5.548492769318120743e+00
2.127676767676767611e+00 5.394639493195238167e+00
2.188181818181818006e+00 5.241184515384097686e+00
2.248686868686868401e+00 5.088568645716194716e+00
2.309191919191919240e+00 4.937168283667189961e+00
2.369696969696969635e+00 4.787303267326835865e+00
2.430202020202020030e+00 4.639243808929423452e+00
2.490707070707070425e+00 4.493216616716019907e+00
2.551212121212120820e+00 4.349410294046751169e+00
2.611717171717171659e+00 4.207980097984671986e+00
2.672222222222222054e+00 4.069052131205617151e+00
2.732727272727272450e+00 3.932727033276859352e+00
2.793232323232323289e+00 3.799083230120175791e+00
2.853737373737373684e+00 3.668179793869074334e+00
2.914242424242424079e+00 3.540058959397585969e+00
2.974747474747474474e+00 3.414748338373071235e+00
3.035252525252524869e+00 3.292262866950250721e+00
3.095757575757575708e+00 3.172606518916551543e+00
3.156262626262626103e+00 3.055773812321685323e+00
3.216767676767676498e+00 2.941751134269264600e+00
3.277272727272727337e+00 2.830517905585938188e+00
3.337777777777777732e+00 2.722047604472009663e+00
3.398282828282828127e+00 2.616308665937935096e+00
3.458787878787878523e+00 2.513265271806677692e+00
3.519292929292928918e+00 2.412878044284417545e+00
3.579797979797979757e+00 2.315104654537356144e+00
3.640303030303030152e+00 2.219900356340556158e+00
3.700808080808080547e+00 2.127218453660117969e+00
3.761313131313131386e+00 2.037010709955690668e+00
3.821818181818181781e+00 1.949227706107212077e+00
3.882323232323232176e+00 1.863819152972765680e+00
3.942828282828282571e+00 1.780734163947410575e+00
4.003333333333332966e+00 1.699921492212647989e+00
4.063838383838383805e+00 1.621329736830264379e+00
4.124343434343433756e+00 1.544907521335772360e+00
4.184848484848484595e+00 1.470603648073851799e+00
4.245353535353535435e+00 1.398367231121559140e+00
4.305858585858585386e+00 1.328147810325420508e+00
4.366363636363636225e+00 1.259895448680295127e+00
4.426868686868687064e+00 1.193560815020952237e+00
4.487373737373737015e+00 1.129095253768816365e+00
4.547878787878787854e+00 1.066450843275898785e+00
4.608383838383838693e+00 1.005580444130377726e+00
4.668888888888888644e+00 9.464377386310892648e-01
4.729393939393939483e+00 8.889772625008309781e-01
4.789898989898989434e+00 8.331544297850294045e-01
4.850404040404040273e+00 7.789255517742289525e-01
4.910909090909091113e+00 7.262478506936120848e-01
4.971414141414141064e+00 6.750794688172087055e-01
5.031919191919191903e+00 6.253794735900736201e-01
5.092424242424241854e+00 5.771078592745247926e-01
5.152929292929292693e+00 5.302255455780467974e-01
5.213434343434343532e+00 4.846943736678556713e-01
5.273939393939393483e+00 4.404770999318066704e-01
5.334444444444444322e+00 3.975373877978718440e-01
5.394949494949495161e+00 3.558397979057731919e-01
5.455454545454545112e+00 3.153497768635535325e-01
5.515959595959595951e+00 2.760336448197859838e-01
5.576464646464646790e+00 2.378585820417100927e-01
5.636969696969696741e+00 2.007926146709852755e-01
5.697474747474747581e+00 1.648045998066302864e-01
5.757979797979797532e+00 1.298642100597132421e-01
5.818484848484848371e+00 9.594191766834535284e-02
5.878989898989899210e+00 6.300897831439217223e-02
5.939494949494949161e+00 3.103741470362278432e-02
6.000000000000000000e+00 0.000000000000000000e+00
