1.000000000000000021e-02 -9.868857104989395834e-01
7.102040816326531114e-02 -8.061725908432848531e-01
1.320408163265306134e-01 -5.649900669299513511e-01
1.930612244897959295e-01 -3.065663823841845992e-01
2.540816326530612179e-01 -5.026927710338986721e-02
3.151020408163265341e-01 1.927559336822821379e-01
3.761224489795918502e-01 4.159308770606001127e-01
4.371428571428571663e-01 6.156338986651737066e-01
4.981632653061224825e-01 7.902649644617586455e-01
5.591836734693877986e-01 9.396187721376185742e-01
6.202040816326530592e-01 1.064434908922927692e+00
6.812244897959184309e-01 1.166066799539527521e+00
7.422448979591836915e-01 1.246237675038296855e+00
8.032653061224490632e-01 1.306862839219599115e+00
8.642857142857143238e-01 1.349922971745723510e+00
9.253061224489796954e-01 1.377376525965423815e+00
9.863265306122449561e-01 1.391101690849131600e+00
1.047346938775510328e+00 1.392860326321597508e+00
1.108367346938775588e+00 1.384277897827269621e+00
1.169387755102040849e+00 1.366834782217226874e+00
1.230408163265306110e+00 1.341865421241776657e+00
1.291428571428571592e+00 1.310562686994645620e+00
1.352448979591836853e+00 1.273985523836197009e+00
1.413469387755102114e+00 1.233068473124793618e+00
1.474489795918367374e+00 1.188632099099512063e+00
1.535510204081632635e+00 1.141393642490938110e+00
1.596530612244898117e+00 1.091977455403744690e+00
1.657551020408163378e+00 1.040924935481209346e+00
1.718571428571428639e+00 9.887037945125979332e-01
1.779591836734693899e+00 9.357165784814968079e-01
1.840612244897959382e+00 8.823084118849305879e-01
1.901632653061224643e+00 8.287739760808157108e-01
1.962653061224489903e+00 7.753637548028372573e-01
2.023673469387754942e+00 7.222895937717179748e-01
2.084693877551020424e+00 6.697296285050416964e-01
2.145714285714285463e+00 6.178326370530755618e-01
2.206734693877550946e+00 5.667218740566961621e-01
2.267755102040816428e+00 5.164984402899612803e-01
2.328775510204081467e+00 4.672442385006140841e-01
2.389795918367346950e+00 4.190245624149950276e-01
2.450816326530611988e+00 3.718903615967095178e-01
2.511836734693877471e+00 3.258802206740795127e-01
2.572857142857142954e+00 2.810220874256932344e-01
2.633877551020407992e+00 2.373347804395435356e-01
2.694897959183673475e+00 1.948293035667501560e-01
2.755918367346938513e+00 1.535099912153694846e-01
2.816938775510203996e+00 1.133755056577224474e-01
2.877959183673469479e+00 7.441970496628119713e-02
2.938979591836734517e+00 3.663239789330163115e-02
3.000000000000000000e+00 0.000000000000000000e+00
