1.000000000000000021e-02 8.703362040573518754e-02
7.050505050505050109e-02 1.351649339044545250e+01
1.310101010101010210e-01 2.942040226694523497e+01
1.915151515151515271e-01 4.478169777913332439e+01
2.520202020202020332e-01 5.863329178074878456e+01
3.125252525252525393e-01 7.062116979894874191e+01
3.730303030303030454e-01 8.066684034466770470e+01
4.335353535353535515e-01 8.883088079121517922e+01
4.940404040404040575e-01 9.524513211012694569e+01
5.545454545454545636e-01 1.000752973784566251e+02
6.150505050505050697e-01 1.034992130936643946e+02
6.755555555555555758e-01 1.056940144132058208e+02
7.360606060606060819e-01 1.068286641733379270e+02
7.965656565656565880e-01 1.070598351893781910e+02
8.570707070707070940e-01 1.065299245856683967e+02
9.175757575757576001e-01 1.053664244264081873e+02
9.780808080808081062e-01 1.036821415268034343e+02
1.038585858585858501e+00 1.015759296112109382e+02
1.099090909090909118e+00 9.913370893365501502e+01
1.159595959595959735e+00 9.642962388959890063e+01
1.220101010101010131e+00 9.352724069275332397e+01
1.280606060606060526e+00 9.048072264959823485e+01
1.341111111111111143e+00 8.733594494953419485e+01
1.401616161616161760e+00 8.413152755048686515e+01
1.462121212121212155e+00 8.089977598001432568e+01
1.522626262626262550e+00 7.766752730130906457e+01
1.583131313131313167e+00 7.445690325282693323e+01
1.643636363636363784e+00 7.128597547198863538e+01
1.704141414141414179e+00 6.816934933746372849e+01
1.764646464646464574e+00 6.511867372394080178e+01
1.825151515151515191e+00 6.214308415093230309e+01
1.885656565656565808e+00 5.924958663005902082e+01
1.946161616161616204e+00 5.644338910951021404e+01
2.006666666666666377e+00 5.372818691325077367e+01
2.067171717171716772e+00 5.110640795110352741e+01
2.127676767676767611e+00 4.857942293864428507e+01
2.188181818181818006e+00 4.614772524826646816e+01
2.248686868686868401e+00 4.381108449217377654e+01
2.309191919191919240e+00 4.156867743196819021e+01
2.369696969696969635e+00 3.941919935633641359e+01
2.430202020202020030e+00 3.736095866117496911e+01
2.490707070707070425e+00 3.539195700464642158e+01
2.551212121212120820e+00 3.350995709065934136e+01
2.611717171717171659e+00 3.171253985231697925e+01
2.672222222222222054e+00 2.999715256909583871e+01
2.732727272727272450e+00 2.836114922537987582e+01
2.793232323232323289e+00 2.680182425035237515e+01
2.853737373737373684e+00 2.531644060620178749e+01
2.914242424242424079e+00 2.390225306056828458e+01
2.974747474747474474e+00 2.255652735845833590e+01
3.035252525252524869e+00 2.127655590687071907e+01
3.095757575757575708e+00 2.005967049743891550e+01
3.156262626262626103e+00 1.890325251687157859e+01
3.216767676767676498e+00 1.780474103009108688e+01
3.277272727272727337e+00 1.676163906531668246e+01
3.337777777777777732e+00 1.577151838258734173e+01
3.398282828282828127e+00 1.483202296628075700e+01
3.458787878787878523e+00 1.394087144707884818e+01
3.519292929292928918e+00 1.309585862875578322e+01
3.579797979797979757e+00 1.229485626938541465e+01
3.640303030303030152e+00 1.153581324447771728e+01
3.700808080808080547e+00 1.081675520064005269e+01
3.761313131313131386e+00 1.013578379215282155e+01
3.821818181818181781e+00 9.491075578972896665e+00
3.882323232323232176e+00 8.880880652799133301e+00
3.942828282828282571e+00 8.303521047663299015e+00
4.003333333333332966e+00 7.757388982807380984e+00
4.063838383838383805e+00 7.240944978160166912e+00
4.124343434343433756e+00 6.752715876361830460e+00
4.184848484848484595e+00 6.291292799838442917e+00
4.245353535353535435e+00 5.855329066781108871e+00
4.305858585858585386e+00 5.443538085990797804e+00
4.366363636363636225e+00 5.054691246725107057e+00
4.426868686868687064e+00 4.687615817455073497e+00
4.487373737373737015e+00 4.341192866000497474e+00
4.547878787878787854e+00 4.014355206051643421e+00
4.608383838383838693e+00 3.706085382521854044e+00
4.668888888888888644e+00 3.415413697964481798e+00
4.729393939393939483e+00 3.141416285844319756e+00
4.789898989898989434e+00 2.883213233892454319e+00
4.850404040404040273e+00 2.639966760065159068e+00
4.910909090909091113e+00 2.410879442864531708e+00
4.971414141414141064e+00 2.195192507143144400e+00
5.031919191919191903e+00 1.992184165981752075e+00
5.092424242424241854e+00 1.801168018792130177e+00
5.152929292929292693e+00 1.621491505432079538e+00
5.213434343434343532e+00 1.452534415823023339e+00
5.273939393939393483e+00 1.293707454320493611e+00
5.334444444444444322e+00 1.144450857893462681e+00
5.394949494949495161e+00 1.004233067015523728e+00
5.455454545454545112e+00 8.725494479736348730e-01
5.515959595959595951e+00 7.489210657916496316e-01
5.576464646464646790e+00 6.328935050871328238e-01
5.636969696969696741e+00 5.240357391542513898e-01
5.697474747474747581e+00 4.219390448240432079e-01
5.757979797979797532e+00 3.262159615332462237e-01
5.818484848484848371e+00 2.364992936447142813e-01
5.878989898989899210e+00 1.524411542872629588e-01
5.939494949494949161e+00 7.371204932020344880e-02
6.000000000000000000e+00 0.000000000000000000e+00
