1.000000000000000021e-02 -9.121663526006147382e-01
7.102040816326531114e-02 1.166414140732957572e-01
1.320408163265306134e-01 1.207095246136539624e+00
1.930612244897959295e-01 2.144673155521358954e+00
2.540816326530612179e-01 2.895895622995162455e+00
3.151020408163265341e-01 3.470894475717350769e+00
3.761224489795918502e-01 3.892374623317836235e+00
4.371428571428571663e-01 4.185152156037226234e+00
4.981632653061224825e-01 4.372365985425608947e+00
5.591836734693877986e-01 4.474246907215175817e+00
6.202040816326530592e-01 4.507923945378316866e+00
6.812244897959184309e-01 4.487642335740959609e+00
7.422448979591836915e-01 4.425122359269512806e+00
8.032653061224490632e-01 4.329941025099532936e+00
8.642857142857143238e-01 4.209887479758108952e+00
9.253061224489796954e-01 4.071274637262104257e+00
9.863265306122449561e-01 3.919203884895503975e+00
1.047346938775510328e+00 3.757785900997723694e+00
1.108367346938775588e+00 3.590322908111815980e+00
1.169387755102040849e+00 3.419458151702788662e+00
1.230408163265306110e+00 3.247298056693541213e+00
1.291428571428571592e+00 3.075511867742664496e+00
1.352448979591836853e+00 2.905412861011099412e+00
1.413469387755102114e+00 2.738024533531338012e+00
1.474489795918367374e+00 2.574134572363301121e+00
1.535510204081632635e+00 2.414338891648367902e+00
1.596530612244898117e+00 2.259077597277239224e+00
1.657551020408163378e+00 2.108664386934036905e+00
1.718571428571428639e+00 1.963310606570301431e+00
1.779591836734693899e+00 1.823144951751078713e+00
1.840612244897959382e+00 1.688229615299933872e+00
1.901632653061224643e+00 1.558573529630364884e+00
1.962653061224489903e+00 1.434143231883149960e+00
2.023673469387754942e+00 1.314871779895627091e+00
2.084693877551020424e+00 1.200666068224232053e+00
2.145714285714285463e+00 1.091412828908696842e+00
2.206734693877550946e+00 9.869835496367813654e-01
2.267755102040816428e+00 8.872384997625999414e-01
2.328775510204081467e+00 7.920300203551323692e-01
2.389795918367346950e+00 7.012052065641799503e-01
2.450816326530611988e+00 6.146080878630969524e-01
2.511836734693877471e+00 5.320813931070761393e-01
2.572857142857142954e+00 4.534679723427196829e-01
2.633877551020407992e+00 3.786119344709692469e-01
2.694897959183673475e+00 3.073595501121940132e-01
2.755918367346938513e+00 2.395599602269423978e-01
2.816938775510203996e+00 1.750657243011761732e-01
2.877959183673469479e+00 1.137332361242133494e-01
2.938979591836734517e+00 5.542303046109355730e-02
3.000000000000000000e+00 0.000000000000000000e+00
