1.000000000000000021e-02 -9.529803538318029066e-01
7.102040816326531114e-02 -3.539656557119098546e-01
1.320408163265306134e-01 3.755993667090021249e-01
1.930612244897959295e-01 1.096637406048306174e+00
2.540816326530612179e-01 1.758577898045923016e+00
3.151020408163265341e-01 2.339100940074039237e+00
3.761224489795918502e-01 2.829907614622805490e+00
4.371428571428571663e-01 3.230633804070718096e+00
4.981632653061224825e-01 3.545542706102782216e+00
5.591836734693877986e-01 3.781501172949250478e+00
6.202040816326530592e-01 3.946674093809062089e+00
6.812244897959184309e-01 4.049670882118828530e+00
7.422448979591836915e-01 4.098995734467043128e+00
8.032653061224490632e-01 4.102707848691483861e+00
8.642857142857143238e-01 4.068227418231846748e+00
9.253061224489796954e-01 4.002241702085221675e+00
9.863265306122449561e-01 3.910678178367050783e+00
1.047346938775510328e+00 3.798721017723223792e+00
1.108367346938775588e+00 3.670853962385890679e+00
1.169387755102040849e+00 3.530917795130423809e+00
1.230408163265306110e+00 3.382174344727002513e+00
1.291428571428571592e+00 3.227371714357686550e+00
1.352448979591836853e+00 3.068807380226731052e+00
1.413469387755102114e+00 2.908387183679599808e+00
1.474489795918367374e+00 2.747679184032921995e+00
1.535510204081632635e+00 2.587961969087059000e+00
1.596530612244898117e+00 2.430267425691419181e+00
1.657551020408163378e+00 2.275418220776021183e+00
1.718571428571428639e+00 2.124060383150554898e+00
1.779591836734693899e+00 1.976691443647117907e+00
1.840612244897959382e+00 1.833684611164195788e+00
1.901632653061224643e+00 1.695309452091595004e+00
1.962653061224489903e+00 1.561749514622496671e+00
2.023673469387754942e+00 1.433117300439749053e+00
2.084693877551020424e+00 1.309466948938672770e+00
2.145714285714285463e+00 1.190804955729434234e+00
2.206734693877550946e+00 1.077099209085779163e+00
2.267755102040816428e+00 9.682865911080767996e-01
2.328775510204081467e+00 8.642793572230194066e-01
2.389795918367346950e+00 7.649704779972086310e-01
2.450816326530611988e+00 6.702381010810846140e-01
2.511836734693877471e+00 5.799492682323624804e-01
2.572857142857142954e+00 4.939630025229883592e-01
2.633877551020407992e+00 4.121328637051421273e-01
2.694897959183673475e+00 3.343090549972564385e-01
2.755918367346938513e+00 2.603401519515313733e-01
2.816938775510203996e+00 1.900745133059322522e-01
2.877959183673469479e+00 1.233614245593913916e-01
2.938979591836734517e+00 6.005201721310999413e-02
3.000000000000000000e+00 0.000000000000000000e+00
