1.000000000000000021e-02 8.703362040573439651e-02
7.050505050505050109e-02 1.351649339044544895e+01
1.310101010101010210e-01 2.942040226694523497e+01
1.915151515151515271e-01 4.478169777913330307e+01
2.520202020202020332e-01 5.863329178074876324e+01
3.125252525252525393e-01 7.062116979894872770e+01
3.730303030303030454e-01 8.066684034466767628e+01
4.335353535353535515e-01 8.883088079121515079e+01
4.940404040404040575e-01 9.524513211012693148e+01
5.545454545454545636e-01 1.000752973784565967e+02
6.150505050505050697e-01 1.034992130936643377e+02
6.755555555555555758e-01 1.056940144132058350e+02
7.360606060606060819e-01 1.068286641733378701e+02
7.965656565656565880e-01 1.070598351893781626e+02
8.570707070707070940e-01 1.065299245856683967e+02
9.175757575757576001e-01 1.053664244264081731e+02
9.780808080808081062e-01 1.036821415268033775e+02
1.038585858585858501e+00 1.015759296112108956e+02
1.099090909090909118e+00 9.913370893365502923e+01
1.159595959595959735e+00 9.642962388959888642e+01
1.220101010101010131e+00 9.352724069275326713e+01
1.280606060606060526e+00 9.048072264959822064e+01
1.341111111111111143e+00 8.733594494953418064e+01
1.401616161616161760e+00 8.413152755048685094e+01
1.462121212121212155e+00 8.089977598001431147e+01
1.522626262626262550e+00 7.766752730130902194e+01
1.583131313131313167e+00 7.445690325282691902e+01
1.643636363636363784e+00 7.128597547198857853e+01
1.704141414141414179e+00 6.816934933746374270e+01
1.764646464646464574e+00 6.511867372394080178e+01
1.825151515151515191e+00 6.214308415093228177e+01
1.885656565656565808e+00 5.924958663005899240e+01
1.946161616161616204e+00 5.644338910951020694e+01
2.006666666666666377e+00 5.372818691325077367e+01
2.067171717171716772e+00 5.110640795110350609e+01
2.127676767676767611e+00 4.857942293864425665e+01
2.188181818181818006e+00 4.614772524826645395e+01
2.248686868686868401e+00 4.381108449217376943e+01
2.309191919191919240e+00 4.156867743196818310e+01
2.369696969696969635e+00 3.941919935633639938e+01
2.430202020202020030e+00 3.736095866117496200e+01
2.490707070707070425e+00 3.539195700464640026e+01
2.551212121212120820e+00 3.350995709065932715e+01
2.611717171717171659e+00 3.171253985231696859e+01
2.672222222222222054e+00 2.999715256909582095e+01
2.732727272727272450e+00 2.836114922537987582e+01
2.793232323232323289e+00 2.680182425035236804e+01
2.853737373737373684e+00 2.531644060620178749e+01
2.914242424242424079e+00 2.390225306056827392e+01
2.974747474747474474e+00 2.255652735845832169e+01
3.035252525252524869e+00 2.127655590687071552e+01
3.095757575757575708e+00 2.005967049743890840e+01
3.156262626262626103e+00 1.890325251687156793e+01
3.216767676767676498e+00 1.780474103009108333e+01
3.277272727272727337e+00 1.676163906531667891e+01
3.337777777777777732e+00 1.577151838318067689e+01
3.398282828282828127e+00 1.483202296697150047e+01
3.458787878787878523e+00 1.394087144707883930e+01
3.519292929292928918e+00 1.309585862875577966e+01
3.579797979797979757e+00 1.229485626938541287e+01
3.640303030303030152e+00 1.153581324447771195e+01
3.700808080808080547e+00 1.081675520064004914e+01
3.761313131313131386e+00 1.013578379215281444e+01
3.821818181818181781e+00 9.491075578972891336e+00
3.882323232323232176e+00 8.880880652799138630e+00
3.942828282828282571e+00 8.303521047663295462e+00
4.003333333333332966e+00 7.757388982807380984e+00
4.063838383838383805e+00 7.240944978160161583e+00
4.124343434343433756e+00 6.752715876361826020e+00
4.184848484848484595e+00 6.291292799838442029e+00
4.245353535353535435e+00 5.855329066781107095e+00
4.305858585858585386e+00 5.443538085990794251e+00
4.366363636363636225e+00 5.054691246725105280e+00
4.426868686868687064e+00 4.687615817734767987e+00
4.487373737373737015e+00 4.341192866000494810e+00
4.547878787878787854e+00 4.014355206051643421e+00
4.608383838383838693e+00 3.706085382521852267e+00
4.668888888888888644e+00 3.415413697964480910e+00
4.729393939393939483e+00 3.141416285844318423e+00
4.789898989898989434e+00 2.883213233892451210e+00
4.850404040404040273e+00 2.639966760065158180e+00
4.910909090909091113e+00 2.410879442864531264e+00
4.971414141414141064e+00 2.195192507143142624e+00
5.031919191919191903e+00 1.992184165981751187e+00
5.092424242424241854e+00 1.801168018792129732e+00
5.152929292929292693e+00 1.621491505432079316e+00
5.213434343434343532e+00 1.452534415823022673e+00
5.273939393939393483e+00 1.293707454320493611e+00
5.334444444444444322e+00 1.144450857762500551e+00
5.394949494949495161e+00 1.004233066908543082e+00
5.455454545454545112e+00 8.725494479736337627e-01
5.515959595959595951e+00 7.489210657916491876e-01
5.576464646464646790e+00 6.328935050639372673e-01
5.636969696969696741e+00 5.240357391554584243e-01
5.697474747474747581e+00 4.219390448454963805e-01
5.757979797979797532e+00 3.262159615332457796e-01
5.818484848484848371e+00 2.364992936447131433e-01
5.878989898989899210e+00 1.524411542872625425e-01
5.939494949494949161e+00 7.371204932020337941e-02
6.000000000000000000e+00 0.000000000000000000e+00
