1.000000000000000021e-02 -9.856714238138183370e-01
7.102040816326531114e-02 -7.944474607377089992e-01
1.320408163265306134e-01 -5.501854671611725589e-01
1.930612244897959295e-01 -2.980141862672475161e-01
2.540816326530612179e-01 -5.534125044154265122e-02
3.151020408163265341e-01 1.693653620130119442e-01
3.761224489795918502e-01 3.720258462148054446e-01
4.371428571428571663e-01 5.510319381345439860e-01
4.981632653061224825e-01 7.062478950190469451e-01
5.591836734693877986e-01 8.384274723102751459e-01
6.202040816326530592e-01 9.488509475562946216e-01
6.812244897959184309e-01 1.039090732973784625e+00
7.422448979591836915e-01 1.110857312718642964e+00
8.032653061224490632e-01 1.165897654075542800e+00
8.642857142857143238e-01 1.205928918498210267e+00
9.253061224489796954e-01 1.232596347989614038e+00
9.863265306122449561e-01 1.247447857278993544e+00
1.047346938775510328e+00 1.251920186769065024e+00
1.108367346938775588e+00 1.247333010527694519e+00
1.169387755102040849e+00 1.234888445059226347e+00
1.230408163265306110e+00 1.215674139637952234e+00
1.291428571428571592e+00 1.190668651448762771e+00
1.352448979591836853e+00 1.160748184365748337e+00
1.413469387755102114e+00 1.126694042093331571e+00
1.474489795918367374e+00 1.089200343904737522e+00
1.535510204081632635e+00 1.048881694747493931e+00
1.596530612244898117e+00 1.006280605552177576e+00
1.657551020408163378e+00 9.618745346515999994e-01
1.718571428571428639e+00 9.160824749389250288e-01
1.779591836734693899e+00 8.692710493942886751e-01
1.840612244897959382e+00 8.217601040544578739e-01
1.901632653061224643e+00 7.738278054807494755e-01
1.962653061224489903e+00 7.257152615934353568e-01
2.023673469387754942e+00 6.776306921034573882e-01
2.084693877551020424e+00 6.297531789234962485e-01
2.145714285714285463e+00 5.822360288701642350e-01
2.206734693877550946e+00 5.352097813072935750e-01
2.267755102040816428e+00 4.887848926834753582e-01
2.328775510204081467e+00 4.430541285304709920e-01
2.389795918367346950e+00 3.980946916834195992e-01
2.450816326530611988e+00 3.539701134566277108e-01
2.511836734693877471e+00 3.107319323823553026e-01
2.572857142857142954e+00 2.684211829978805919e-01
2.633877551020407992e+00 2.270697151033866656e-01
2.694897959183673475e+00 1.867013619473089636e-01
2.755918367346938513e+00 1.473329739617491863e-01
2.816938775510203996e+00 1.089753329622552280e-01
2.877959183673469479e+00 7.163396016546401401e-02
2.938979591836734517e+00 3.530982994980874645e-02
3.000000000000000000e+00 0.000000000000000000e+00
