1.000000000000000021e-02 -9.129631148784801420e-01
7.102040816326531114e-02 7.169552659226714753e-02
1.320408163265306134e-01 1.072032961449145505e+00
1.930612244897959295e-01 1.900805411493114327e+00
2.540816326530612179e-01 2.541628832068359323e+00
3.151020408163265341e-01 3.014240853439952517e+00
3.761224489795918502e-01 3.346199286237227177e+00
4.371428571428571663e-01 3.564277353904839352e+00
4.981632653061224825e-01 3.691862865330074239e+00
5.591836734693877986e-01 3.748471571546704517e+00
6.202040816326530592e-01 3.750014250106681324e+00
6.812244897959184309e-01 3.709295978170850105e+00
7.422448979591836915e-01 3.636543183696463455e+00
8.032653061224490632e-01 3.539882554212139709e+00
8.642857142857143238e-01 3.425749343965363458e+00
9.253061224489796954e-01 3.299224487521257299e+00
9.863265306122449561e-01 3.164308108637396977e+00
1.047346938775510328e+00 3.024139265640464647e+00
1.108367346938775588e+00 2.881171554424938552e+00
1.169387755102040849e+00 2.737313052952048853e+00
1.230408163265306110e+00 2.594037725404640504e+00
1.291428571428571592e+00 2.452474099429735599e+00
1.352448979591836853e+00 2.313475891700687459e+00
1.413469387755102114e+00 2.177678308320015965e+00
1.474489795918367374e+00 2.045542975607371528e+00
1.535510204081632635e+00 1.917393839476250195e+00
1.596530612244898117e+00 1.793445881562362842e+00
1.657551020408163378e+00 1.673828113197639578e+00
1.718571428571428639e+00 1.558602003368621869e+00
1.779591836734693899e+00 1.447776256810672679e+00
1.840612244897959382e+00 1.341318669043343181e+00
1.901632653061224643e+00 1.239165637620373683e+00
1.962653061224489903e+00 1.141229788695950598e+00
2.023673469387754942e+00 1.047406088543727742e+00
2.084693877551020424e+00 9.575767334375565598e-01
2.145714285714285463e+00 8.716150543049838717e-01
2.206734693877550946e+00 7.893886257714912702e-01
2.267755102040816428e+00 7.107617322686875516e-01
2.328775510204081467e+00 6.355973143261924863e-01
2.389795918367346950e+00 5.637584945033911055e-01
2.450816326530611988e+00 4.951097634282530247e-01
2.511836734693877471e+00 4.295178911413631839e-01
2.572857142857142954e+00 3.668526166389802223e-01
2.633877551020407992e+00 3.069871585744300968e-01
2.694897959183673475e+00 2.497985820422745917e-01
2.755918367346938513e+00 1.951680498571756184e-01
2.816938775510203996e+00 1.429809814548530789e-01
2.877959183673469479e+00 9.312713824499217752e-02
2.938979591836734517e+00 4.550065074855197400e-02
3.000000000000000000e+00 0.000000000000000000e+00
