1.000000000000000021e-02 1.298068846336237305e+13
7.050505050505050109e-02 1.716947378289095000e+14
1.310101010101010210e-01 3.570263289437763750e+14
1.915151515151515271e-01 5.303446137003636250e+14
2.520202020202020332e-01 6.776988229266066250e+14
3.125252525252525393e-01 7.935893164666735000e+14
3.730303030303030454e-01 8.769690827220432500e+14
4.335353535353535515e-01 9.293939753200218750e+14
4.940404040404040575e-01 9.539275338441118750e+14
5.545454545454545636e-01 9.544202152349903750e+14
6.150505050505050697e-01 9.350191632809725000e+14
6.755555555555555758e-01 8.998376488728768750e+14
7.360606060606060819e-01 8.527407633365271250e+14
7.965656565656565880e-01 7.972166506241338750e+14
8.570707070707070940e-01 7.363099831385858750e+14
9.175757575757576001e-01 6.725996370845902500e+14
9.780808080808081062e-01 6.082066463921978750e+14
1.038585858585858501e+00 5.448218606229753750e+14
1.099090909090909118e+00 4.837454383808629375e+14
1.159595959595959735e+00 4.259324594218584375e+14
1.220101010101010131e+00 3.720406116659349375e+14
1.280606060606060526e+00 3.224771855537056875e+14
1.341111111111111143e+00 2.774435600159046875e+14
1.401616161616161760e+00 2.369760636094300938e+14
1.462121212121212155e+00 2.009825986004554688e+14
1.522626262626262550e+00 1.692747730370503125e+14
1.583131313131313167e+00 1.415955352337125625e+14
1.643636363636363784e+00 1.176424740499076719e+14
1.704141414141414179e+00 9.708705985855937500e+13
1.764646464646464574e+00 7.959017007616701562e+13
1.825151515151515191e+00 6.481428185833051562e+13
1.885656565656565808e+00 5.243273031870094531e+13
1.946161616161616204e+00 4.213643045950945312e+13
2.006666666666666377e+00 3.363844843601180469e+13
2.067171717171716772e+00 2.667678655807066797e+13
2.127676767676767611e+00 2.101571896488774609e+13
2.188181818181818006e+00 1.644598331616819336e+13
2.248686868686868401e+00 1.278409977178024219e+13
2.309191919191919240e+00 9.871053477665378906e+12
2.369696969696969635e+00 7.570541915566030273e+12
2.430202020202020030e+00 5.766954821621071289e+12
2.490707070707070425e+00 4.363222738243568848e+12
2.551212121212120820e+00 3.278641246311712891e+12
2.611717171717171659e+00 2.446751954470982422e+12
2.672222222222222054e+00 1.813338646434098633e+12
2.732727272727272450e+00 1.334577692244121094e+12
2.793232323232323289e+00 9.753658627718125000e+11
2.853737373737373684e+00 7.078358808525299072e+11
2.914242424242424079e+00 5.100601421134927368e+11
2.974747474747474474e+00 3.649357274785671387e+11
3.035252525252524869e+00 2.592387559860427551e+11
3.095757575757575708e+00 1.828329268927012939e+11
3.156262626262626103e+00 1.280154167921427612e+11
3.216767676767676498e+00 8.898279521963586426e+10
3.277272727272727337e+00 6.139999815155020142e+10
3.337777777777777732e+00 4.205639822840734863e+10
3.398282828282828127e+00 2.859432774462546539e+10
3.458787878787878523e+00 1.929723253812453461e+10
3.519292929292928918e+00 1.292590016692819977e+10
3.579797979797979757e+00 8.593312454070640564e+09
3.640303030303030152e+00 5.669935248165781975e+09
3.700808080808080547e+00 3.712762269045361519e+09
3.761313131313131386e+00 2.412691518953913212e+09
3.821818181818181781e+00 1.555880890094088316e+09
3.882323232323232176e+00 9.956467643153076172e+08
3.942828282828282571e+00 6.322274299896677732e+08
4.003333333333332966e+00 3.983505548752738833e+08
4.063838383838383805e+00 2.490386311504897177e+08
4.124343434343433756e+00 1.544765617545474470e+08
4.184848484848484595e+00 9.506893878951820731e+07
4.245353535353535435e+00 5.804712183041990548e+07
4.305858585858585386e+00 3.516209647044338286e+07
4.366363636363636225e+00 2.113037008701196313e+07
4.426868686868687064e+00 1.259691434551568143e+07
4.487373737373737015e+00 7.449594710505411029e+06
4.547878787878787854e+00 4.370180582918399014e+06
4.608383838383838693e+00 2.543029846262681764e+06
4.668888888888888644e+00 1.467831248995169764e+06
4.729393939393939483e+00 8.403512284069226589e+05
4.789898989898989434e+00 4.771920374611956649e+05
4.850404040404040273e+00 2.687576938062150730e+05
4.910909090909091113e+00 1.501245750395704235e+05
4.971414141414141064e+00 8.316749225453894178e+04
5.031919191919191903e+00 4.569344217148825555e+04
5.092424242424241854e+00 2.489656886402095915e+04
5.152929292929292693e+00 1.345228349417923528e+04
5.213434343434343532e+00 7.207856580927860705e+03
5.273939393939393483e+00 3.829542942317218149e+03
5.334444444444444322e+00 2.017363704638737318e+03
5.394949494949495161e+00 1.053564405889037289e+03
5.455454545454545112e+00 5.453500444047739393e+02
5.515959595959595951e+00 2.796614793499702500e+02
5.576464646464646790e+00 1.419547214247920692e+02
5.636969696969696741e+00 7.119516707760844554e+01
5.697474747474747581e+00 3.514946597341037204e+01
5.757979797979797532e+00 1.694610221988270027e+01
5.818484848484848371e+00 7.832901218685407230e+00
5.878989898989899210e+00 3.310148447769185598e+00
5.939494949494949161e+00 1.085102790674291384e+00
6.000000000000000000e+00 0.000000000000000000e+00
