1.000000000000000021e-02 -9.867228908216552075e-01
7.102040816326531114e-02 -8.130467347276670864e-01
1.320408163265306134e-01 -5.950493762758155558e-01
1.930612244897959295e-01 -3.726864539498669915e-01
2.540816326530612179e-01 -1.608896613345664472e-01
3.151020408163265341e-01 3.327731333218435228e-02
3.761224489795918502e-01 2.065902168294529162e-01
4.371428571428571663e-01 3.579898273295546995e-01
4.981632653061224825e-01 4.877056031600069397e-01
5.591836734693877986e-01 5.967366375798008882e-01
6.202040816326530592e-01 6.865227553842261354e-01
6.812244897959184309e-01 7.587291353769182178e-01
7.422448979591836915e-01 8.151039907817274610e-01
8.032653061224490632e-01 8.573854500941981982e-01
8.642857142857143238e-01 8.872423770680263333e-01
9.253061224489796954e-01 9.062388058086644493e-01
9.863265306122449561e-01 9.158147615465227487e-01
1.047346938775510328e+00 9.172783110166132792e-01
1.108367346938775588e+00 9.118051400857415389e-01
1.169387755102040849e+00 9.004430037463320158e-01
1.230408163265306110e+00 8.841191588133715529e-01
1.291428571428571592e+00 8.636494511585314227e-01
1.352448979591836853e+00 8.397481405973942215e-01
1.413469387755102114e+00 8.130378460003496732e-01
1.474489795918367374e+00 7.840592092528240187e-01
1.535510204081632635e+00 7.532800307200741008e-01
1.596530612244898117e+00 7.211037370599302498e-01
1.657551020408163378e+00 6.878771167846156054e-01
1.718571428571428639e+00 6.538973090921884612e-01
1.779591836734693899e+00 6.194180640547505279e-01
1.840612244897959382e+00 5.846553123356121873e-01
1.901632653061224643e+00 5.497920939862911416e-01
1.962653061224489903e+00 5.149829012636376602e-01
2.023673469387754942e+00 4.803574917921509813e-01
2.084693877551020424e+00 4.460242271735391784e-01
2.145714285714285463e+00 4.120729893432285573e-01
2.206734693877550946e+00 3.785777232353906285e-01
2.267755102040816428e+00 3.455986501691563628e-01
2.328775510204081467e+00 3.131841920913461252e-01
2.389795918367346950e+00 2.813726426197186159e-01
2.450816326530611988e+00 2.501936168606110344e-01
2.511836734693877471e+00 2.196693082757438242e-01
2.572857142857142954e+00 1.898155775017963398e-01
2.633877551020407992e+00 1.606428949762436220e-01
2.694897959183673475e+00 1.321571564947640887e-01
2.755918367346938513e+00 1.043603883991802150e-01
2.816938775510203996e+00 7.725135696205731595e-02
2.877959183673469479e+00 5.082609461982275090e-02
2.938979591836734517e+00 2.507835410189923966e-02
3.000000000000000000e+00 0.000000000000000000e+00
