1.000000000000000021e-02 -8.510714466017964552e-01
7.102040816326531114e-02 9.321218119223708687e-01
1.320408163265306134e-01 2.906430152783352483e+00
1.930612244897959295e-01 4.688960414766623508e+00
2.540816326530612179e-01 6.194056480769135398e+00
3.151020408163265341e-01 7.413892201624650902e+00
3.761224489795918502e-01 8.368166048590218509e+00
4.371428571428571663e-01 9.085946693179431932e+00
4.981632653061224825e-01 9.598168390805568606e+00
5.591836734693877986e-01 9.934432124432344580e+00
6.202040816326530592e-01 1.012172331635753508e+01
6.812244897959184309e-01 1.018402022859513956e+01
7.422448979591836915e-01 1.014231730001560550e+01
8.032653061224490632e-01 1.001483275227318259e+01
8.642857142857143238e-01 9.817286333476152649e+00
9.253061224489796954e-01 9.563190915830782401e+00
9.863265306122449561e-01 9.264131146713332043e+00
1.047346938775510328e+00 8.930017558231707397e+00
1.108367346938775588e+00 8.569312351715193898e+00
1.169387755102040849e+00 8.189226985698436323e+00
1.230408163265306110e+00 7.795893535120389295e+00
1.291428571428571592e+00 7.394512530056542410e+00
1.352448979591836853e+00 6.989480151330762503e+00
1.413469387755102114e+00 6.584497544648057143e+00
1.474489795918367374e+00 6.182664770213063932e+00
1.535510204081632635e+00 5.786561614642149465e+00
1.596530612244898117e+00 5.398317199710211511e+00
1.657551020408163378e+00 5.019670049281426571e+00
1.718571428571428639e+00 4.652020030634337999e+00
1.779591836734693899e+00 4.296473371764383486e+00
1.840612244897959382e+00 3.953881771220064678e+00
1.901632653061224643e+00 3.624876459115428773e+00
1.962653061224489903e+00 3.309897934071975190e+00
2.023673469387754942e+00 3.009221987809571619e+00
2.084693877551020424e+00 2.722982533929892313e+00
2.145714285714285463e+00 2.451191677436546534e+00
2.206734693877550946e+00 2.193757394343724076e+00
2.267755102040816428e+00 1.950499134315043737e+00
2.328775510204081467e+00 1.721161611962437554e+00
2.389795918367346950e+00 1.505427012298473644e+00
2.450816326530611988e+00 1.302925803735575538e+00
2.511836734693877471e+00 1.113246321360863877e+00
2.572857142857142954e+00 9.359432628819074340e-01
2.633877551020407992e+00 7.705452172049191972e-01
2.694897959183673475e+00 6.165613302336869772e-01
2.755918367346938513e+00 4.734871980769658761e-01
2.816938775510203996e+00 3.408100661015049382e-01
2.877959183673469479e+00 2.180134023589218040e-01
2.938979591836734517e+00 1.045809054297312385e-01
3.000000000000000000e+00 0.000000000000000000e+00
