1.000000000000000021e-02 3.956676504104466119e+01
7.050505050505050109e-02 5.419759843758004081e+02
1.310101010101010210e-01 1.140348653964816094e+03
1.915151515151515271e-01 1.718578437674641236e+03
2.520202020202020332e-01 2.236221239139296358e+03
3.125252525252525393e-01 2.676860244828249506e+03
3.730303030303030454e-01 3.035841894125230738e+03
4.335353535353535515e-01 3.315014778919563014e+03
4.940404040404040575e-01 3.519875796845343757e+03
5.545454545454545636e-01 3.657837586659226417e+03
6.150505050505050697e-01 3.737126445020456686e+03
6.755555555555555758e-01 3.766077327419222456e+03
7.360606060606060819e-01 3.752694302731682455e+03
7.965656565656565880e-01 3.704392661556928488e+03
8.570707070707070940e-01 3.627865301132194418e+03
9.175757575757576001e-01 3.529032708617661228e+03
9.780808080808081062e-01 3.413047420670955034e+03
1.038585858585858501e+00 3.284332229462015675e+03
1.099090909090909118e+00 3.146637599355948623e+03
1.159595959595959735e+00 3.003108338663126233e+03
1.220101010101010131e+00 2.856352908839432985e+03
1.280606060606060526e+00 2.708511157853643908e+03
1.341111111111111143e+00 2.561317957340559133e+03
1.401616161616161760e+00 2.416161389764208252e+03
1.462121212121212155e+00 2.274134913354893797e+03
1.522626262626262550e+00 2.136083437934441463e+03
1.583131313131313167e+00 2.002643555762412461e+03
1.643636363636363784e+00 1.874278348682231581e+03
1.704141414141414179e+00 1.751307280002526568e+03
1.764646464646464574e+00 1.633931707851985720e+03
1.825151515151515191e+00 1.522256548760203032e+03
1.885656565656565808e+00 1.416308589291048520e+03
1.946161616161616204e+00 1.316051902853540469e+03
2.006666666666666377e+00 1.221400781380567878e+03
2.067171717171716772e+00 1.132230544641906590e+03
2.127676767676767611e+00 1.048386544379977977e+03
2.188181818181818006e+00 9.696916383050405557e+02
2.248686868686868401e+00 8.959523708474116575e+02
2.309191919191919240e+00 8.269640632816111747e+02
2.369696969696969635e+00 7.625149870750258287e+02
2.430202020202020030e+00 7.023897661870561251e+02
2.490707070707070425e+00 6.463721343347641550e+02
2.551212121212120820e+00 5.942471518396076817e+02
2.611717171717171659e+00 5.458029713192840973e+02
2.672222222222222054e+00 5.008322271938326367e+02
2.732727272727272450e+00 4.591331121476401904e+02
2.793232323232323289e+00 4.205101936441123485e+02
2.853737373737373684e+00 3.847750151091714201e+02
2.914242424242424079e+00 3.517465191907182884e+02
2.974747474747474474e+00 3.212513246443777462e+02
3.035252525252524869e+00 2.931238829672153656e+02
3.095757575757575708e+00 2.672065370692956208e+02
3.156262626262626103e+00 2.433495003313240090e+02
3.216767676767676498e+00 2.214107715556022242e+02
3.277272727272727337e+00 2.012559987331045477e+02
3.337777777777777732e+00 1.827583024276724188e+02
3.398282828282828127e+00 1.657980677913191130e+02
3.458787878787878523e+00 1.502627127240458549e+02
3.519292929292928918e+00 1.360464384319212172e+02
3.579797979797979757e+00 1.230499675732601048e+02
3.640303030303030152e+00 1.111802743382143319e+02
3.700808080808080547e+00 1.003503099215379564e+02
3.761313131313131386e+00 9.047872646389355111e+01
3.821818181818181781e+00 8.148960177089918488e+01
3.882323232323232176e+00 7.331216679188304397e+01
3.942828282828282571e+00 6.588053747399212057e+01
4.003333333333332966e+00 5.913345225643713832e+01
4.063838383838383805e+00 5.301401622480627651e+01
4.124343434343433756e+00 4.746945272088415635e+01
4.184848484848484595e+00 4.245086301715492283e+01
4.245353535353535435e+00 3.791299450827279571e+01
4.305858585858585386e+00 3.381401773995266069e+01
4.366363636363636225e+00 3.011531248387708715e+01
4.426868686868687064e+00 2.678126297974799641e+01
4.487373737373737015e+00 2.377906237026268244e+01
4.547878787878787854e+00 2.107852631692705359e+01
4.608383838383838693e+00 1.865191570290305734e+01
4.668888888888888644e+00 1.647376829875007331e+01
4.729393939393939483e+00 1.452073922420653318e+01
4.789898989898989434e+00 1.277145000801592367e+01
4.850404040404040273e+00 1.120634602450382644e+01
4.910909090909091113e+00 9.807562060620201194e+00
4.971414141414141064e+00 8.558795756023696910e+00
5.031919191919191903e+00 7.445188642569905646e+00
5.092424242424241854e+00 6.453214501503629741e+00
5.152929292929292693e+00 5.570574749827652994e+00
5.213434343434343532e+00 4.786100562994345609e+00
5.273939393939393483e+00 4.089661439420760658e+00
5.334444444444444322e+00 3.472079911291236165e+00
5.394949494949495161e+00 2.925052108485330482e+00
5.455454545454545112e+00 2.441073884645020176e+00
5.515959595959595951e+00 2.013372218718262552e+00
5.576464646464646790e+00 1.635841610433996118e+00
5.636969696969696741e+00 1.302985194233068134e+00
5.697474747474747581e+00 1.009860303065594378e+00
5.757979797979797532e+00 7.520282210082430696e-01
5.818484848484848371e+00 5.255078717691518131e-01
5.878989898989899210e+00 3.267331987265023052e-01
5.939494949494949161e+00 1.525140010892780951e-01
6.000000000000000000e+00 0.000000000000000000e+00
