1.000000000000000021e-02 -8.896415835385194093e-01
7.050505050505050109e-02 4.522987372634880709e-01
1.310101010101010210e-01 1.967195431535387673e+00
1.915151515151515271e-01 3.356686468320118522e+00
2.520202020202020332e-01 4.551965233069509509e+00
3.125252525252525393e-01 5.545713014639017224e+00
3.730303030303030454e-01 6.352246206841464904e+00
4.335353535353535515e-01 6.993006071602144935e+00
4.940404040404040575e-01 7.490607744153372494e+00
5.545454545454545636e-01 7.866371193044097154e+00
6.150505050505050697e-01 8.139393381060193278e+00
6.755555555555555758e-01 8.326323582247189492e+00
7.360606060606060819e-01 8.441454409659611358e+00
7.965656565656565880e-01 8.496942991848714044e+00
8.570707070707070940e-01 8.503072626103774567e+00
9.175757575757576001e-01 8.468512455120754012e+00
9.780808080808081062e-01 8.400556399057336421e+00
1.038585858585858501e+00 8.305334474380698495e+00
1.099090909090909118e+00 8.187995493230554089e+00
1.159595959595959735e+00 8.052862872718421272e+00
1.220101010101010131e+00 7.903566402042032202e+00
1.280606060606060526e+00 7.743153111548415346e+00
1.341111111111111143e+00 7.574180283717046436e+00
1.401616161616161760e+00 7.398793364723689869e+00
1.462121212121212155e+00 7.218791193246588911e+00
1.522626262626262550e+00 7.035680619175427530e+00
1.583131313131313167e+00 6.850722266417342610e+00
1.643636363636363784e+00 6.664968911978850663e+00
1.704141414141414179e+00 6.479297710264137145e+00
1.764646464646464574e+00 6.294437285164021567e+00
1.825151515151515191e+00 6.110990539269814725e+00
1.885656565656565808e+00 5.929453885108263655e+00
1.946161616161616204e+00 5.750233483393416556e+00
2.006666666666666377e+00 5.573658974016887591e+00
2.067171717171716772e+00 5.399995103424311438e+00
2.127676767676767611e+00 5.229451584202120529e+00
2.188181818181818006e+00 5.062191466651215777e+00
2.248686868686868401e+00 4.898338255778923234e+00
2.309191919191919240e+00 4.737981968782645659e+00
2.369696969696969635e+00 4.581184296315925053e+00
2.430202020202020030e+00 4.427983004455690264e+00
2.490707070707070425e+00 4.278395692376847137e+00
2.551212121212120820e+00 4.132423002484632235e+00
2.611717171717171659e+00 3.990051364595601058e+00
2.672222222222222054e+00 3.851255342978133545e+00
2.732727272727272450e+00 3.715999644513911182e+00
2.793232323232323289e+00 3.584240837305905814e+00
2.853737373737373684e+00 3.455928821569155485e+00
2.914242424242424079e+00 3.331008088383176080e+00
2.974747474747474474e+00 3.209418796564978749e+00
3.035252525252524869e+00 3.091097693464455176e+00
3.095757575757575708e+00 2.975978901698213885e+00
3.156262626262626103e+00 2.863994590645510208e+00
3.216767676767676498e+00 2.755075548810717923e+00
3.277272727272727337e+00 2.649151670855915075e+00
3.337777777777777732e+00 2.546152371146209514e+00
3.398282828282828127e+00 2.446006933978361442e+00
3.458787878787878523e+00 2.348644809241262177e+00
3.519292929292928918e+00 2.253995861036307335e+00
3.579797979797979757e+00 2.161990575745921017e+00
3.640303030303030152e+00 2.072560235144747409e+00
3.700808080808080547e+00 1.985637059383582370e+00
3.761313131313131386e+00 1.901154324017281905e+00
3.821818181818181781e+00 1.819046454683806546e+00
3.882323232323232176e+00 1.739249102553727555e+00
3.942828282828282571e+00 1.661699203251101098e+00
4.003333333333332966e+00 1.586335021581363858e+00
4.063838383838383805e+00 1.513096184098870589e+00
4.124343434343433756e+00 1.441923701260605428e+00
4.184848484848484595e+00 1.372759980694993498e+00
4.245353535353535435e+00 1.305548832902393652e+00
4.305858585858585386e+00 1.240235470532119466e+00
4.366363636363636225e+00 1.176766502227626798e+00
4.426868686868687064e+00 1.115089921900251690e+00
4.487373737373737015e+00 1.055155094176311259e+00
4.547878787878787854e+00 9.969127366637194898e-01
4.608383838383838693e+00 9.403148995966567059e-01
4.668888888888888644e+00 8.853149433421647618e-01
4.729393939393939483e+00 8.318675141868544509e-01
4.789898989898989434e+00 7.799285187643346662e-01
4.850404040404040273e+00 7.294550974350136885e-01
4.910909090909091113e+00 6.804055968859068493e-01
4.971414141414141064e+00 6.327395421809555165e-01
5.031919191919191903e+00 5.864176084595728033e-01
5.092424242424241854e+00 5.414015924492571186e-01
5.152929292929292693e+00 4.976543839435311201e-01
5.213434343434343532e+00 4.551399373574304130e-01
5.273939393939393483e+00 4.138232434712157404e-01
5.334444444444444322e+00 3.736703014460325267e-01
5.394949494949495161e+00 3.346480911846212991e-01
5.455454545454545112e+00 2.967245460969141768e-01
5.515959595959595951e+00 2.598685263200777862e-01
5.576464646464646790e+00 2.240497924324704182e-01
5.636969696969696741e+00 1.892389796937051227e-01
5.697474747474747581e+00 1.554075728353175589e-01
5.757979797979797532e+00 1.225278814208226597e-01
5.818484848484848371e+00 9.057301578858920066e-02
5.878989898989899210e+00 5.951686358639754482e-02
5.939494949494949161e+00 2.933406690331796102e-02
6.000000000000000000e+00 0.000000000000000000e+00
