1.000000000000000021e-02 -2.410789915261560001e-01
7.050505050505050109e-02 8.266910745049617759e+00
1.310101010101010210e-01 1.693096469362173906e+01
1.915151515151515271e-01 2.413119962013907482e+01
2.520202020202020332e-01 2.971781199896165404e+01
3.125252525252525393e-01 3.385480488342955852e+01
3.730303030303030454e-01 3.677589819002933780e+01
4.335353535353535515e-01 3.870973562557449554e+01
4.940404040404040575e-01 3.985691203345712097e+01
5.545454545454545636e-01 4.038536914937255062e+01
6.150505050505050697e-01 4.043241506637154004e+01
6.755555555555555758e-01 4.010883945229691250e+01
7.360606060606060819e-01 3.950333420482716207e+01
7.965656565656565880e-01 3.868654391162025519e+01
8.570707070707070940e-01 3.771453757568171739e+01
9.175757575757576001e-01 3.663168627116715470e+01
9.780808080808081062e-01 3.547300525308097008e+01
1.038585858585858501e+00 3.426604075188164700e+01
1.099090909090909118e+00 3.303238134209711774e+01
1.159595959595959735e+00 3.178886501412558729e+01
1.220101010101010131e+00 3.054854200292758648e+01
1.280606060606060526e+00 2.932144264439714121e+01
1.341111111111111143e+00 2.811519002641488996e+01
1.401616161616161760e+00 2.693548922666748524e+01
1.462121212121212155e+00 2.578651841670352951e+01
1.522626262626262550e+00 2.467124187687727144e+01
1.583131313131313167e+00 2.359166079837954300e+01
1.643636363636363784e+00 2.254901444716575654e+01
1.704141414141414179e+00 2.154394165743282841e+01
1.764646464646464574e+00 2.057661056625608254e+01
1.825151515151515191e+00 1.964682287568943764e+01
1.885656565656565808e+00 1.875409766000532841e+01
1.946161616161616204e+00 1.789773870075234186e+01
2.006666666666666377e+00 1.707688856042083714e+01
2.067171717171716772e+00 1.629057194708778411e+01
2.127676767676767611e+00 1.553773042922023251e+01
2.188181818181818006e+00 1.481725015446844829e+01
2.248686868686868401e+00 1.412798390580518593e+01
2.309191919191919240e+00 1.346876857167487529e+01
2.369696969696969635e+00 1.283843890103210050e+01
2.430202020202020030e+00 1.223583824881479742e+01
2.490707070707070425e+00 1.165982688428602643e+01
2.551212121212120820e+00 1.110928832747532802e+01
2.611717171717171659e+00 1.058313409066088084e+01
2.672222222222222054e+00 1.008030713671694834e+01
2.732727272727272450e+00 9.599784298751105283e+00
2.793232323232323289e+00 9.140577872058134545e+00
2.853737373737373684e+00 8.701736541331486663e+00
2.914242424242424079e+00 8.282345780500072863e+00
2.974747474747474474e+00 7.881527835978051399e+00
3.035252525252524869e+00 7.498441383792677328e+00
3.095757575757575708e+00 7.132280934272323236e+00
3.156262626262626103e+00 6.782276044239834434e+00
3.216767676767676498e+00 6.447690385398847646e+00
3.277272727272727337e+00 6.127820708368238556e+00
3.337777777777777732e+00 5.821995734251224519e+00
3.398282828282828127e+00 5.529574999411324576e+00
3.458787878787878523e+00 5.249947674034268985e+00
3.519292929292928918e+00 4.982531370913628521e+00
3.579797979797979757e+00 4.726770957138739071e+00
3.640303030303030152e+00 4.482137379730858129e+00
3.700808080808080547e+00 4.248126511625625490e+00
3.761313131313131386e+00 4.024258025464066080e+00
3.821818181818181781e+00 3.810074298773907575e+00
3.882323232323232176e+00 3.605139354054414991e+00
3.942828282828282571e+00 3.409037835935080807e+00
4.003333333333332966e+00 3.221374026807158675e+00
4.063838383838383805e+00 3.041770901673058081e+00
4.124343434343433756e+00 2.869869222437968492e+00
4.184848484848484595e+00 2.705326671454976406e+00
4.245353535353535435e+00 2.547817023811167036e+00
4.305858585858585386e+00 2.397029357592812548e+00
4.366363636363636225e+00 2.252667301176192627e+00
4.426868686868687064e+00 2.114448316451353005e+00
4.487373737373737015e+00 1.982103016783025140e+00
4.547878787878787854e+00 1.855374518446209597e+00
4.608383838383838693e+00 1.734017824230272176e+00
4.668888888888888644e+00 1.617799237884827823e+00
4.729393939393939483e+00 1.506495808173887285e+00
4.789898989898989434e+00 1.399894800640810733e+00
4.850404040404040273e+00 1.297793197088045192e+00
4.910909090909091113e+00 1.199997220297384093e+00
4.971414141414141064e+00 1.106321882483635832e+00
5.031919191919191903e+00 1.016590557904431424e+00
5.092424242424241854e+00 9.306345769461905615e-01
5.152929292929292693e+00 8.482928412046700783e-01
5.213434343434343532e+00 7.694114583829748666e-01
5.273939393939393483e+00 6.938433959801771911e-01
5.334444444444444322e+00 6.214481527891653201e-01
5.394949494949495161e+00 5.520914472679741003e-01
5.455454545454545112e+00 4.856449218926857103e-01
5.515959595959595951e+00 4.219858626440555760e-01
5.576464646464646790e+00 3.609969328216249274e-01
5.636969696969696741e+00 3.025659204208004383e-01
5.697474747474747581e+00 2.465854983468362127e-01
5.757979797979797532e+00 1.929529967784262001e-01
5.818484848484848371e+00 1.415701870292342124e-01
5.878989898989899210e+00 9.234307629111385141e-02
5.939494949494949161e+00 4.518171267530434604e-02
6.000000000000000000e+00 0.000000000000000000e+00
