1.000000000000000021e-02 9.882365710751733756e-02
7.050505050505050109e-02 1.429717034572669476e+01
1.310101010101010210e-01 3.207756871444691171e+01
1.915151515151515271e-01 5.012059979466081217e+01
2.520202020202020332e-01 6.715973300745719143e+01
3.125252525252525393e-01 8.259044963291329111e+01
3.730303030303030454e-01 9.613720681568470638e+01
4.335353535353535515e-01 1.077122881589746726e+02
4.940404040404040575e-01 1.173408243240599660e+02
5.545454545454545636e-01 1.251159435444976538e+02
6.150505050505050697e-01 1.311701550235560205e+02
6.755555555555555758e-01 1.356564901591650880e+02
7.360606060606060819e-01 1.387359412820210594e+02
7.965656565656565880e-01 1.405691482608323781e+02
8.570707070707070940e-01 1.413110233479707460e+02
9.175757575757576001e-01 1.411074318145291500e+02
9.780808080808081062e-01 1.400933126201855430e+02
1.038585858585858501e+00 1.383918003431360830e+02
1.099090909090909118e+00 1.361140323392281744e+02
1.159595959595959735e+00 1.333594127864305392e+02
1.220101010101010131e+00 1.302161690570342785e+02
1.280606060606060526e+00 1.267620827053620474e+02
1.341111111111111143e+00 1.230653118815539671e+02
1.401616161616161760e+00 1.191852473845944473e+02
1.462121212121212155e+00 1.151733632341740048e+02
1.522626262626262550e+00 1.110740361190283068e+02
1.583131313131313167e+00 1.069253179452544913e+02
1.643636363636363784e+00 1.027596525793312026e+02
1.704141414141414179e+00 9.860453278062725246e+01
1.764646464646464574e+00 9.448309663221031940e+01
1.825151515151515191e+00 9.041466498506801486e+01
1.885656565656565808e+00 8.641522282385562903e+01
1.946161616161616204e+00 8.249784828861534436e+01
2.006666666666666377e+00 7.867309348310617167e+01
2.067171717171716772e+00 7.494932135456959088e+01
2.127676767676767611e+00 7.133300285998757317e+01
2.188181818181818006e+00 6.782897846858338653e+01
2.248686868686868401e+00 6.444068780163695465e+01
2.309191919191919240e+00 6.117037092550002342e+01
2.369696969696969635e+00 5.801924451212097011e+01
2.430202020202020030e+00 5.498765577927308357e+01
2.490707070707070425e+00 5.207521683156214465e+01
2.551212121212120820e+00 4.928092174292439154e+01
2.611717171717171659e+00 4.660324847416389815e+01
2.672222222222222054e+00 4.404024747049422217e+01
2.732727272727272450e+00 4.158961858305416115e+01
2.793232323232323289e+00 3.924877775796991841e+01
2.853737373737373684e+00 3.701491476735216679e+01
2.914242424242424079e+00 3.488504310121139440e+01
2.974747474747474474e+00 3.285604301064326904e+01
3.035252525252524869e+00 3.092469854888253167e+01
3.095757575757575708e+00 2.908772938933678631e+01
3.156262626262626103e+00 2.734181806664372871e+01
3.216767676767676498e+00 2.568363322853892683e+01
3.277272727272727337e+00 2.410984940394805420e+01
3.337777777777777732e+00 2.261716373577058548e+01
3.398282828282828127e+00 2.120231006531960105e+01
3.458787878787878523e+00 1.986207070590766577e+01
3.519292929292928918e+00 1.859328621103800216e+01
3.579797979797979757e+00 1.739286339190776687e+01
3.640303030303030152e+00 1.625778181491761387e+01
3.700808080808080547e+00 1.518509897856798219e+01
3.761313131313131386e+00 1.417195434460257530e+01
3.821818181818181781e+00 1.321557237647710181e+01
3.882323232323232176e+00 1.231326471918446153e+01
3.942828282828282571e+00 1.146243163780272312e+01
4.003333333333332966e+00 1.066056281735212785e+01
4.063838383838383805e+00 9.905237615295023446e+00
4.124343434343433756e+00 9.194124842053764013e+00
4.184848484848484595e+00 8.524982143556279368e+00
4.245353535353535435e+00 7.895655042430408166e+00
4.305858585858585386e+00 7.304075692295976197e+00
4.366363636363636225e+00 6.748261392307251860e+00
4.426868686868687064e+00 6.226312900125805960e+00
4.487373737373737015e+00 5.736412582040149033e+00
4.547878787878787854e+00 5.276822429123298797e+00
4.608383838383838693e+00 4.845881967470666574e+00
4.668888888888888644e+00 4.442006086164116851e+00
4.729393939393939483e+00 4.063682803715779279e+00
4.789898989898989434e+00 3.709470991081177171e+00
4.850404040404040273e+00 3.377998066994030602e+00
4.910909090909091113e+00 3.067957679238766833e+00
4.971414141414141064e+00 2.778107384146027758e+00
5.031919191919191903e+00 2.507266333582439888e+00
5.092424242424241854e+00 2.254312979546607032e+00
5.152929292929292693e+00 2.018182803093711453e+00
5.213434343434343532e+00 1.797866074412296067e+00
5.273939393939393483e+00 1.592405649536213552e+00
5.334444444444444322e+00 1.400894808353965404e+00
5.394949494949495161e+00 1.222475137824088343e+00
5.455454545454545112e+00 1.056334463627703890e+00
5.515959595959595951e+00 9.017048328954452296e-01
5.576464646464646790e+00 7.578605501211801432e-01
5.636969696969696741e+00 6.241162679057382645e-01
5.697474747474747581e+00 4.998251337675835293e-01
5.757979797979797532e+00 3.843769938894361360e-01
5.818484848484848371e+00 2.771966543518318837e-01
5.878989898989899210e+00 1.777422001209219837e-01
5.939494949494949161e+00 8.550337180782680013e-02
6.000000000000000000e+00 0.000000000000000000e+00
