1.000000000000000021e-02 -9.606504504864161742e-01
7.050505050505050109e-02 -4.404006895578308489e-01
1.310101010101010210e-01 2.318476634315984330e-01
1.915151515151515271e-01 9.347471811074085091e-01
2.520202020202020332e-01 1.617591710682166006e+00
3.125252525252525393e-01 2.253135109442608197e+00
3.730303030303030454e-01 2.826693131470840559e+00
4.335353535353535515e-01 3.331424488288476926e+00
4.940404040404040575e-01 3.765638581594778156e+00
5.545454545454545636e-01 4.131025104636641743e+00
6.150505050505050697e-01 4.431412967420677695e+00
6.755555555555555758e-01 4.671883477893238990e+00
7.360606060606060819e-01 4.858140584520505456e+00
7.965656565656565880e-01 4.996073467051282080e+00
8.570707070707070940e-01 5.091463374528190755e+00
9.175757575757576001e-01 5.149797294094013544e+00
9.780808080808081062e-01 5.176159142950458758e+00
1.038585858585858501e+00 5.175175785683964413e+00
1.099090909090909118e+00 5.151000625645566267e+00
1.159595959595959735e+00 5.107321937267246703e+00
1.220101010101010131e+00 5.047386612034953757e+00
1.280606060606060526e+00 4.974032691410553042e+00
1.341111111111111143e+00 4.889726114102909804e+00
1.401616161616161760e+00 4.796598608812882247e+00
1.462121212121212155e+00 4.696484760442910300e+00
1.522626262626262550e+00 4.590957051454735982e+00
1.583131313131313167e+00 4.481358217254460818e+00
1.643636363636363784e+00 4.368830617612172951e+00
1.704141414141414179e+00 4.254342564253936310e+00
1.764646464646464574e+00 4.138711694509987105e+00
1.825151515151515191e+00 4.022625569391961697e+00
1.885656565656565808e+00 3.906659721252279560e+00
1.946161616161616204e+00 3.791293395327355320e+00
2.006666666666666377e+00 3.676923230739168602e+00
2.067171717171716772e+00 3.563875116986221503e+00
2.127676767676767611e+00 3.452414446016996319e+00
2.188181818181818006e+00 3.342754960994845703e+00
2.248686868686868401e+00 3.235066382765672710e+00
2.309191919191919240e+00 3.129480975139499854e+00
2.369696969696969635e+00 3.026099191214028927e+00
2.430202020202020030e+00 2.924994525451964034e+00
2.490707070707070425e+00 2.826217680351374995e+00
2.551212121212120820e+00 2.729800142314558364e+00
2.611717171717171659e+00 2.635757248705699496e+00
2.672222222222222054e+00 2.544090816986186887e+00
2.732727272727272450e+00 2.454791397141920406e+00
2.793232323232323289e+00 2.367840200083563218e+00
2.853737373737373684e+00 2.283210747522876005e+00
2.914242424242424079e+00 2.200870282315163351e+00
2.974747474747474474e+00 2.120780972991151092e+00
3.035252525252524869e+00 2.042900941264310877e+00
3.095757575757575708e+00 1.967185137448792087e+00
3.156262626262626103e+00 1.893586085118285522e+00
3.216767676767676498e+00 1.822054513380237051e+00
3.277272727272727337e+00 1.752539892561168156e+00
3.337777777777777732e+00 1.684990886888658279e+00
3.398282828282828127e+00 1.619355735858331258e+00
3.458787878787878523e+00 1.555582574343888913e+00
3.519292929292928918e+00 1.493619700107835957e+00
3.579797979797979757e+00 1.433415796167715417e+00
3.640303030303030152e+00 1.374920114438500596e+00
3.700808080808080547e+00 1.318082626182129014e+00
3.761313131313131386e+00 1.262854144030724157e+00
3.821818181818181781e+00 1.209186419691486103e+00
3.882323232323232176e+00 1.157032220874267825e+00
3.942828282828282571e+00 1.106345390494810843e+00
4.003333333333332966e+00 1.057080890785812910e+00
4.063838383838383805e+00 1.009194834585044109e+00
4.124343434343433756e+00 9.626445057618291390e-01
4.184848484848484595e+00 9.173883704354969248e-01
4.245353535353535435e+00 8.733860805254165527e-01
4.305858585858585386e+00 8.305984707671482115e-01
4.366363636363636225e+00 7.889875503481580399e-01
4.426868686868687064e+00 7.485164900870020510e-01
4.487373737373737015e+00 7.091496059245123718e-01
4.547878787878787854e+00 6.708523394307662757e-01
4.608383838383838693e+00 6.335912359098379021e-01
4.668888888888888644e+00 5.973339206067909135e-01
4.729393939393939483e+00 5.620490734474145045e-01
4.789898989898989434e+00 5.277064026782369854e-01
4.850404040404040273e+00 4.942766177204394040e-01
4.910909090909091113e+00 4.617314015033415209e-01
4.971414141414141064e+00 4.300433825032509705e-01
5.031919191919191903e+00 3.991861066778021883e-01
5.092424242424241854e+00 3.691340094554733109e-01
5.152929292929292693e+00 3.398623879140259540e-01
5.213434343434343532e+00 3.113473732585806397e-01
5.273939393939393483e+00 2.835659036907938191e-01
5.334444444444444322e+00 2.564956977435962071e-01
5.394949494949495161e+00 2.301152281415380918e-01
5.455454545454545112e+00 2.044036962343370178e-01
5.515959595959595951e+00 1.793410070406143975e-01
5.576464646464646790e+00 1.549077449295697129e-01
5.636969696969696741e+00 1.310851499606291437e-01
5.697474747474747581e+00 1.078550948944664717e-01
5.757979797979797532e+00 8.520006288312700904e-02
5.818484848484848371e+00 6.310312584224618548e-02
5.878989898989899210e+00 4.154792350427553849e-02
5.939494949494949161e+00 2.051864314842075446e-02
6.000000000000000000e+00 0.000000000000000000e+00
