1.000000000000000021e-02 5.910408533928154297e+12
7.050505050505050109e-02 7.743950675022314062e+13
1.310101010101010210e-01 1.598099067987853438e+14
1.915151515151515271e-01 2.359820569250444375e+14
2.520202020202020332e-01 3.002029881612404375e+14
3.125252525252525393e-01 3.504270584388856250e+14
3.730303030303030454e-01 3.864618494931208125e+14
4.335353535353535515e-01 4.091438320402381875e+14
4.940404040404040575e-01 4.198757869396910625e+14
5.545454545454545636e-01 4.203375628156993125e+14
6.150505050505050697e-01 4.122973701859626250e+14
6.755555555555555758e-01 3.974884530156604375e+14
7.360606060606060819e-01 3.775309403675439375e+14
7.965656565656565880e-01 3.538857313777426250e+14
8.570707070707070940e-01 3.278311637527611250e+14
9.175757575757576001e-01 3.004556880138237500e+14
9.780808080808081062e-01 2.726615008139544375e+14
1.038585858585858501e+00 2.451753748276280938e+14
1.099090909090909118e+00 2.185639008877617500e+14
1.159595959595959735e+00 1.932511086868324375e+14
1.220101010101010131e+00 1.695370068603630938e+14
1.280606060606060526e+00 1.476160197306447500e+14
1.341111111111111143e+00 1.275946265424854375e+14
1.401616161616161760e+00 1.095077539811429688e+14
1.462121212121212155e+00 9.333365368754782812e+13
1.522626262626262550e+00 7.900712876775514062e+13
1.583131313131313167e+00 6.643106907568838281e+13
1.643636363636363784e+00 5.548632334667121094e+13
1.704141414141414179e+00 4.603998411089021094e+13
1.764646464646464574e+00 3.795219364377060938e+13
1.825151515151515191e+00 3.108160005885473047e+13
1.885656565656565808e+00 2.528960436628274219e+13
1.946161616161616204e+00 2.044354433280538672e+13
2.006666666666666377e+00 1.641896065781533984e+13
2.067171717171716772e+00 1.310108649945344531e+13
2.127676767676767611e+00 1.038569381335553906e+13
2.188181818181818006e+00 8.179420092461228516e+12
2.248686868686868401e+00 6.399687588634032227e+12
2.309191919191919240e+00 4.974314620853538086e+12
2.369696969696969635e+00 3.840905644947605469e+12
2.430202020202020030e+00 2.946093850681904785e+12
2.490707070707070425e+00 2.244697556128894043e+12
2.551212121212120820e+00 1.698839904478753174e+12
2.611717171717171659e+00 1.277070913243812012e+12
2.672222222222222054e+00 9.535185841444598389e+11
2.732727272727272450e+00 7.070967882624544678e+11
2.793232323232323289e+00 5.207716650722808838e+11
2.853737373737373684e+00 3.809059336816577759e+11
2.914242424242424079e+00 2.766769796784557495e+11
2.974747474747474474e+00 1.995703912742185059e+11
3.035252525252524869e+00 1.429452880517371826e+11
3.095757575757575708e+00 1.016663170642854309e+11
3.156262626262626103e+00 7.179608212842079163e+10
3.216767676767676498e+00 5.034122396157923889e+10
3.277272727272727337e+00 3.504525479086455536e+10
3.337777777777777732e+00 2.422145742545661926e+10
3.398282828282828127e+00 1.661958998699035072e+10
3.458787878787878523e+00 1.132068139085462189e+10
3.519292929292928918e+00 7.654923221663958549e+09
3.579797979797979757e+00 5.138175268834847450e+09
3.640303030303030152e+00 3.423424443731667042e+09
3.700808080808080547e+00 2.264021303590729713e+09
3.761313131313131386e+00 1.486115517867570877e+09
3.821818181818181781e+00 9.681920197495847940e+08
3.882323232323232176e+00 6.260255742116690874e+08
3.942828282828282571e+00 4.017253931188582182e+08
4.003333333333332966e+00 2.558340357723484933e+08
4.063838383838383805e+00 1.616830876064054966e+08
4.124343434343433756e+00 1.013990109679552168e+08
4.184848484848484595e+00 6.310322057161560655e+07
4.245353535353535435e+00 3.896763508593590558e+07
4.305858585858585386e+00 2.387687799754275382e+07
4.366363636363636225e+00 1.451638406696077250e+07
4.426868686868687064e+00 8.756558145578987896e+06
4.487373737373737015e+00 5.240700678891455755e+06
4.547878787878787854e+00 3.111811379439244047e+06
4.608383838383838693e+00 1.833126382374790730e+06
4.668888888888888644e+00 1.071307667759621982e+06
4.729393939393939483e+00 6.211067913582978072e+05
4.789898989898989434e+00 3.572204763494976214e+05
4.850404040404040273e+00 2.038037950872165384e+05
4.910909090909091113e+00 1.153405275577966822e+05
4.971414141414141064e+00 6.474901239146615262e+04
5.031919191919191903e+00 3.605399487426662381e+04
5.092424242424241854e+00 1.991266464262592126e+04
5.152929292929292693e+00 1.090802716244467047e+04
5.213434343434343532e+00 5.926328847539025446e+03
5.273939393939393483e+00 3.193180355023288939e+03
5.334444444444444322e+00 1.706169594592608973e+03
5.394949494949495161e+00 9.038993747939646255e+02
5.455454545454545112e+00 4.746856166411444633e+02
5.515959595959595951e+00 2.469851855359909791e+02
5.576464646464646790e+00 1.272057385023716023e+02
5.636969696969696741e+00 6.472875006254589891e+01
5.697474747474747581e+00 3.241640906696283508e+01
5.757979797979797532e+00 1.584655624095736037e+01
5.818484848484848371e+00 7.421705304550183513e+00
5.878989898989899210e+00 3.174622615684424165e+00
5.939494949494949161e+00 1.051887488117846381e+00
6.000000000000000000e+00 0.000000000000000000e+00
