1.000000000000000021e-02 -8.664738329222407831e-01
7.102040816326531114e-02 8.208586492316087835e-01
1.320408163265306134e-01 2.856450581956435197e+00
1.930612244897959295e-01 4.841961008546286749e+00
2.540816326530612179e-01 6.630242323473215293e+00
3.151020408163265341e-01 8.156954137550492590e+00
3.761224489795918502e-01 9.400408556018557960e+00
4.371428571428571663e-01 1.036369042370631099e+01
4.981632653061224825e-01 1.106442944034020037e+01
5.591836734693877986e-01 1.152825984377591162e+01
6.202040816326530592e-01 1.178448046798224702e+01
6.812244897959184309e-01 1.186319089966538165e+01
7.422448979591836915e-01 1.179346715417926994e+01
8.032653061224490632e-01 1.160227524363514817e+01
8.642857142857143238e-01 1.131390090849539654e+01
9.253061224489796954e-01 1.094973015954805007e+01
9.863265306122449561e-01 1.052825854500738423e+01
1.047346938775510328e+00 1.006524091765442286e+01
1.108367346938775588e+00 9.573919675396590279e+00
1.169387755102040849e+00 9.065289258165387665e+00
1.230408163265306110e+00 8.548369270995067382e+00
1.291428571428571592e+00 8.030469054437995524e+00
1.352448979591836853e+00 7.517433804223400351e+00
1.413469387755102114e+00 7.013867263585378709e+00
1.474489795918367374e+00 6.523329224811383220e+00
1.535510204081632635e+00 6.048508083693870496e+00
1.596530612244898117e+00 5.591369867446889685e+00
1.657551020408163378e+00 5.153285776861497247e+00
1.718571428571428639e+00 4.735140541627026245e+00
1.779591836734693899e+00 4.337423919272716866e+00
1.840612244897959382e+00 3.960307565335293933e+00
1.901632653061224643e+00 3.603709326556662429e+00
1.962653061224489903e+00 3.267346799965953785e+00
2.023673469387754942e+00 2.950781783559935700e+00
2.084693877551020424e+00 2.653457033874153215e+00
2.145714285714285463e+00 2.374726550305922501e+00
2.206734693877550946e+00 2.113880429702875041e+00
2.267755102040816428e+00 1.870165177478694929e+00
2.328775510204081467e+00 1.642800228707819832e+00
2.389795918367346950e+00 1.430991307826638526e+00
2.450816326530611988e+00 1.233941163605955627e+00
2.511836734693877471e+00 1.050858123159617907e+00
2.572857142857142954e+00 8.809628396264909123e-01
2.633877551020407992e+00 7.234935458408131570e-01
2.694897959183673475e+00 5.777100748588878121e-01
2.755918367346938513e+00 4.428968649327905127e-01
2.816938775510203996e+00 3.183651302894843216e-01
2.877959183673469479e+00 2.034543486485602126e-01
2.938979591836734517e+00 9.753319119906540824e-02
3.000000000000000000e+00 0.000000000000000000e+00
