1.000000000000000021e-02 8.573536250375401250e+14
7.050505050505050109e-02 1.055556624057401200e+16
1.310101010101010210e-01 2.069418986848969200e+16
1.915151515151515271e-01 2.930555285656108400e+16
2.520202020202020332e-01 3.605080856036245600e+16
3.125252525252525393e-01 4.099285862232788800e+16
3.730303030303030454e-01 4.432437310706288800e+16
4.335353535353535515e-01 4.627318768134217600e+16
4.940404040404040575e-01 4.706498736156265600e+16
5.545454545454545636e-01 4.690849965819170400e+16
6.150505050505050697e-01 4.599036894478301600e+16
6.755555555555555758e-01 4.447433208079863200e+16
7.360606060606060819e-01 4.250226933741882400e+16
7.965656565656565880e-01 4.019599560882061600e+16
8.570707070707070940e-01 3.765925723788339200e+16
9.175757575757576001e-01 3.497968983198178000e+16
9.780808080808081062e-01 3.223063513969478400e+16
1.038585858585858501e+00 2.947278504018779200e+16
1.099090909090909118e+00 2.675565388899114400e+16
1.159595959595959735e+00 2.411889481335288000e+16
1.220101010101010131e+00 2.159348026577286000e+16
1.280606060606060526e+00 1.920276708042497600e+16
1.341111111111111143e+00 1.696346391801269000e+16
1.401616161616161760e+00 1.488651583081260800e+16
1.462121212121212155e+00 1.297791729875607200e+16
1.522626262626262550e+00 1.123946199418164600e+16
1.583131313131313167e+00 9.669434843880614000e+15
1.643636363636363784e+00 8.263249779296852000e+15
1.704141414141414179e+00 7.014034924608625000e+15
1.764646464646464574e+00 5.913165841018447000e+15
1.825151515151515191e+00 4.950746796511752000e+15
1.885656565656565808e+00 4.116039790696404500e+15
1.946161616161616204e+00 3.397841195689685500e+15
2.006666666666666377e+00 2.784806260914755000e+15
2.067171717171716772e+00 2.265722331183672500e+15
2.127676767676767611e+00 1.829732348441538750e+15
2.188181818181818006e+00 1.466510971956680750e+15
2.248686868686868401e+00 1.166396397843506250e+15
2.309191919191919240e+00 9.204816305120642500e+14
2.369696969696969635e+00 7.206695034189643750e+14
2.430202020202020030e+00 5.596961392945683125e+14
2.490707070707070425e+00 4.311277596890023750e+14
2.551212121212120820e+00 3.293357969240098125e+14
2.611717171717171659e+00 2.494551364026816250e+14
2.672222222222222054e+00 1.873300421980190312e+14
2.732727272727272450e+00 1.394519553686217656e+14
2.793232323232323289e+00 1.028925819464825312e+14
2.853737373737373684e+00 7.523612273962260938e+13
2.914242424242424079e+00 5.451195075000901562e+13
2.974747474747474474e+00 3.913093314953264062e+13
3.035252525252524869e+00 2.782608257494181250e+13
3.095757575757575708e+00 1.959871600188034375e+13
3.156262626262626103e+00 1.367059055504370312e+13
3.216767676767676498e+00 9.442165653164197266e+12
3.277272727272727337e+00 6.456860489572802734e+12
3.337777777777777732e+00 4.370967930476560547e+12
3.398282828282828127e+00 2.928744530911580566e+12
3.458787878787878523e+00 1.942113362590853516e+12
3.519292929292928918e+00 1.274378510144022705e+12
3.579797979797979757e+00 8.273615675359114990e+11
3.640303030303030152e+00 5.313829793302553101e+11
3.700808080808080547e+00 3.375810355844174805e+11
3.761313131313131386e+00 2.121043696488951721e+11
3.821818181818181781e+00 1.317849403973383484e+11
3.882323232323232176e+00 8.095996872597856140e+10
3.942828282828282571e+00 4.917081562513806915e+10
4.003333333333332966e+00 2.952035379531687927e+10
4.063838383838383805e+00 1.751691748499922562e+10
4.124343434343433756e+00 1.027214385419641304e+10
4.184848484848484595e+00 5.952199475049914360e+09
4.245353535353535435e+00 3.407633861010093212e+09
4.305858585858585386e+00 1.927231654494589806e+09
4.366363636363636225e+00 1.076632150457383156e+09
4.426868686868687064e+00 5.940191950546830893e+08
4.487373737373737015e+00 3.236540185084703565e+08
4.547878787878787854e+00 1.741233437286238670e+08
4.608383838383838693e+00 9.248620132665012777e+07
4.668888888888888644e+00 4.849419018225051463e+07
4.729393939393939483e+00 2.509831577601052448e+07
4.789898989898989434e+00 1.282009407870053127e+07
4.850404040404040273e+00 6.462189171962703578e+06
4.910909090909091113e+00 3.214107393446419854e+06
4.971414141414141064e+00 1.577190569572991692e+06
5.031919191919191903e+00 7.634879465913504828e+05
5.092424242424241854e+00 3.645573586214639945e+05
5.152929292929292693e+00 1.716828204206951486e+05
5.213434343434343532e+00 7.973272666262916755e+04
5.273939393939393483e+00 3.651287313587573590e+04
5.334444444444444322e+00 1.648555899217882688e+04
5.394949494949495161e+00 7.337578159724024772e+03
5.455454545454545112e+00 3.219011963655668751e+03
5.515959595959595951e+00 1.391582532984962427e+03
5.576464646464646790e+00 5.925494412548781611e+02
5.636969696969696741e+00 2.482988743110587961e+02
5.697474747474747581e+00 1.021731079120743289e+02
5.757979797979797532e+00 4.106793173281770493e+01
5.818484848484848371e+00 1.589780463709326419e+01
5.878989898989899210e+00 5.685905911337125751e+00
5.939494949494949161e+00 1.605540391550321466e+00
6.000000000000000000e+00 0.000000000000000000e+00
