1.000000000000000021e-02 2.617377701927567357e-01
7.050505050505050109e-02 1.634095928840710599e+01
1.310101010101010210e-01 3.621839397069841482e+01
1.915151515151515271e-01 5.612067520588211522e+01
2.520202020202020332e-01 7.458600015467828825e+01
3.125252525252525393e-01 9.091641598219499087e+01
3.730303030303030454e-01 1.048128952302184018e+02
4.335353535353535515e-01 1.162145924299770172e+02
4.940404040404040575e-01 1.252070593667906877e+02
5.545454545454545636e-01 1.319629888857757862e+02
6.150505050505050697e-01 1.367020889684147278e+02
6.755555555555555758e-01 1.396637680716941077e+02
7.360606060606060819e-01 1.410889331156237461e+02
7.965656565656565880e-01 1.412083791629543157e+02
8.570707070707070940e-01 1.402359124442072016e+02
9.175757575757576001e-01 1.383648016340257811e+02
9.780808080808081062e-01 1.357664984336383611e+02
1.038585858585858501e+00 1.325908426376975058e+02
1.099090909090909118e+00 1.289671832143343693e+02
1.159595959595959735e+00 1.250060144741905788e+02
1.220101010101010131e+00 1.208008530115741337e+02
1.280606060606060526e+00 1.164301744319240584e+02
1.341111111111111143e+00 1.119592959643690335e+02
1.401616161616161760e+00 1.074421380758494706e+02
1.462121212121212155e+00 1.029228302765747145e+02
1.522626262626262550e+00 9.843714751757256920e+01
1.583131313131313167e+00 9.401377707242846782e+01
1.643636363636363784e+00 8.967542392045017152e+01
1.704141414141414179e+00 8.543976712899439008e+01
1.764646464646464574e+00 8.132028180214425106e+01
1.825151515151515191e+00 7.732694168995284656e+01
1.885656565656565808e+00 7.346681712187572089e+01
1.946161616161616204e+00 6.974458200619071135e+01
2.006666666666666377e+00 6.616294232780869322e+01
2.067171717171716772e+00 6.272299733950271872e+01
2.127676767676767611e+00 5.942454323829750962e+01
2.188181818181818006e+00 5.626632789941967161e+01
2.248686868686868401e+00 5.324626407404926454e+01
2.309191919191919240e+00 5.036160742014298108e+01
2.369696969696969635e+00 4.760910481683313122e+01
2.430202020202020030e+00 4.498511760953264371e+01
2.490707070707070425e+00 4.248572373414443604e+01
2.551212121212120820e+00 4.010680207561422606e+01
2.611717171717171659e+00 3.784410188814691622e+01
2.672222222222222054e+00 3.569329968295900102e+01
2.732727272727272450e+00 3.365004560246315179e+01
2.793232323232323289e+00 3.171000099003870787e+01
2.853737373737373684e+00 2.986886859436958019e+01
2.914242424242424079e+00 2.812241662077146032e+01
2.974747474747474474e+00 2.646649765033474111e+01
3.035252525252524869e+00 2.489706328597611673e+01
3.095757575757575708e+00 2.341017524807503492e+01
3.156262626262626103e+00 2.200201352733447990e+01
3.216767676767676498e+00 2.066888210635814715e+01
3.277272727272727337e+00 1.940721267325031363e+01
3.337777777777777732e+00 1.821356670431984881e+01
3.398282828282828127e+00 1.708463618967564557e+01
3.458787878787878523e+00 1.601724328321882140e+01
3.519292929292928918e+00 1.500833907206347284e+01
3.579797979797979757e+00 1.405500164835920351e+01
3.640303030303030152e+00 1.315443363080037997e+01
3.700808080808080547e+00 1.230395925927720135e+01
3.761313131313131386e+00 1.150102116539850350e+01
3.821818181818181781e+00 1.074317690415478488e+01
3.882323232323232176e+00 1.002809531728865799e+01
3.942828282828282571e+00 9.353552786580685563e+00
4.003333333333332966e+00 8.717429424860608123e+00
4.063838383838383805e+00 8.117705243813153615e+00
4.124343434343433756e+00 7.552456330358240599e+00
4.184848484848484595e+00 7.019851057108395409e+00
4.245353535353535435e+00 6.518146347081422043e+00
4.305858585858585386e+00 6.045684009365007938e+00
4.366363636363636225e+00 5.600887159455117725e+00
4.426868686868687064e+00 5.182256728484012420e+00
4.487373737373737015e+00 4.788368076020007358e+00
4.547878787878787854e+00 4.417867705778580678e+00
4.608383838383838693e+00 4.069470089660513601e+00
4.668888888888888644e+00 3.741954601645906653e+00
4.729393939393939483e+00 3.434162562268618935e+00
4.789898989898989434e+00 3.144994393466884031e+00
4.850404040404040273e+00 2.873406882858575706e+00
4.910909090909091113e+00 2.618410555888549762e+00
4.971414141414141064e+00 2.379067153829531822e+00
5.031919191919191903e+00 2.154487215250337595e+00
5.092424242424241854e+00 1.943827758289179641e+00
5.152929292929292693e+00 1.746290060702446745e+00
5.213434343434343532e+00 1.561117535705867310e+00
5.273939393939393483e+00 1.387593697866031484e+00
5.334444444444444322e+00 1.225040219506701167e+00
5.394949494949495161e+00 1.072815071688091093e+00
5.455454545454545112e+00 9.303107477237744227e-01
5.515959595959595951e+00 7.969525659163992914e-01
5.576464646464646790e+00 6.721970483761178228e-01
5.636969696969696741e+00 5.555303732044195586e-01
5.697474747474747581e+00 4.464668963706870941e-01
5.757979797979797532e+00 3.445477413203580364e-01
5.818484848484848371e+00 2.493394528979364089e-01
5.878989898989899210e+00 1.604327131187887889e-01
5.939494949494949161e+00 7.744111615186442810e-02
6.000000000000000000e+00 0.000000000000000000e+00
