1.000000000000000021e-02 -9.863339271169685452e-01
7.102040816326531114e-02 -8.094504590866653526e-01
1.320408163265306134e-01 -5.906940770432911325e-01
1.930612244897959295e-01 -3.703900872245338149e-01
2.540816326530612179e-01 -1.627520911106566381e-01
3.151020408163265341e-01 2.600120783473954672e-02
3.761224489795918502e-01 1.933809504617564068e-01
4.371428571428571663e-01 3.388908801944189308e-01
4.981632653061224825e-01 4.631514683745673877e-01
5.591836734693877986e-01 5.674052897554888730e-01
6.202040816326530592e-01 6.532194232017889401e-01
6.812244897959184309e-01 7.223005123126785554e-01
7.422448979591836915e-01 7.763787453218253809e-01
8.032653061224490632e-01 8.171358916991761090e-01
8.642857142857143238e-01 8.461622577474864348e-01
9.253061224489796954e-01 8.649328691662028223e-01
9.863265306122449561e-01 8.747964527379760158e-01
1.047346938775510328e+00 8.769728549955696506e-01
1.108367346938775588e+00 8.725558984454863110e-01
1.169387755102040849e+00 8.625196024288845909e-01
1.230408163265306110e+00 8.477263386614694030e-01
1.291428571428571592e+00 8.289359433327316840e-01
1.352448979591836853e+00 8.068151271588878126e-01
1.413469387755102114e+00 7.819467509713203812e-01
1.474489795918367374e+00 7.548386940147222557e-01
1.535510204081632635e+00 7.259321538901533089e-01
1.596530612244898117e+00 6.956092944215714891e-01
1.657551020408163378e+00 6.642002103185014050e-01
1.718571428571428639e+00 6.319892123790523675e-01
1.779591836734693899e+00 5.992204592557752729e-01
1.840612244897959382e+00 5.661029751923448705e-01
1.901632653061224643e+00 5.328151003607494163e-01
1.962653061224489903e+00 4.995084234223119979e-01
2.023673469387754942e+00 4.663112461284940058e-01
2.084693877551020424e+00 4.333316281302027617e-01
2.145714285714285463e+00 4.006600574550540639e-01
2.206734693877550946e+00 3.683717887515193246e-01
2.267755102040816428e+00 3.365288877892459452e-01
2.328775510204081467e+00 3.051820170413266364e-01
2.389795918367346950e+00 2.743719936112329338e-01
2.450816326530611988e+00 2.441311473913929386e-01
2.511836734693877471e+00 2.144845042126004298e-01
2.572857142857142954e+00 1.854508158705303611e-01
2.633877551020407992e+00 1.570434563215550028e-01
2.694897959183673475e+00 1.292712010062780914e-01
2.755918367346938513e+00 1.021389041778003604e-01
2.816938775510203996e+00 7.564808726289409813e-02
2.877959183673469479e+00 4.979744966112784055e-02
2.938979591836734517e+00 2.458331191879290986e-02
3.000000000000000000e+00 0.000000000000000000e+00
