1.000000000000000021e-02 -8.747098237367638696e-01
7.102040816326531114e-02 6.600131647336107132e-01
1.320408163265306134e-01 2.433243276895821872e+00
1.930612244897959295e-01 4.101583197169471617e+00
2.540816326530612179e-01 5.561990014023495021e+00
3.151020408163265341e-01 6.782251074934598556e+00
3.761224489795918502e-01 7.761228447185819057e+00
4.371428571428571663e-01 8.512849240173487431e+00
4.981632653061224825e-01 9.058216431151485892e+00
5.591836734693877986e-01 9.421321096740985723e+00
6.202040816326530592e-01 9.626610213452087450e+00
6.812244897959184309e-01 9.697603442194241197e+00
7.422448979591836915e-01 9.656137220967769608e+00
8.032653061224490632e-01 9.521995421955644190e+00
8.642857142857143238e-01 9.312780386071706218e+00
9.253061224489796954e-01 9.043931865547763849e+00
9.863265306122449561e-01 8.728833954404917606e+00
1.047346938775510328e+00 8.378970769708063315e+00
1.108367346938775588e+00 8.004105226805306117e+00
1.169387755102040849e+00 7.612464351499034443e+00
1.230408163265306110e+00 7.210920731703677866e+00
1.291428571428571592e+00 6.805163887641223042e+00
1.352448979591836853e+00 6.399858155098844037e+00
1.413469387755102114e+00 5.998785549072657375e+00
1.474489795918367374e+00 5.604973293308940008e+00
1.535510204081632635e+00 5.220806466127073442e+00
1.596530612244898117e+00 4.848126666274228391e+00
1.657551020408163378e+00 4.488317844551873215e+00
1.718571428571428639e+00 4.142380548189620093e+00
1.779591836734693899e+00 3.810995834943200933e+00
1.840612244897959382e+00 3.494580067138745694e+00
1.901632653061224643e+00 3.193331716064935488e+00
1.962653061224489903e+00 2.907271210277408979e+00
2.023673469387754942e+00 2.636274758148292374e+00
2.084693877551020424e+00 2.380102972197042810e+00
2.145714285714285463e+00 2.138425024700349120e+00
2.206734693877550946e+00 1.910838971927691032e+00
2.267755102040816428e+00 1.696888804332542300e+00
2.328775510204081467e+00 1.496078700555940832e+00
2.389795918367346950e+00 1.307884902127322668e+00
2.450816326530611988e+00 1.131765564587595918e+00
2.511836734693877471e+00 9.671688910663415184e-01
2.572857142857142954e+00 8.135398101285999939e-01
2.633877551020407992e+00 6.703254215965347429e-01
2.694897959183673475e+00 5.369794012110932213e-01
2.755918367346938513e+00 4.129655267800135809e-01
2.816938775510203996e+00 2.977604642720826367e-01
2.877959183673469479e+00 1.908559316246032089e-01
2.938979591836734517e+00 9.176034037356310680e-02
3.000000000000000000e+00 0.000000000000000000e+00
