1.000000000000000021e-02 2.205467833705476444e-01
7.050505050505050109e-02 1.632495438006724697e+01
1.310101010101010210e-01 3.707394288531516935e+01
1.915151515151515271e-01 5.863252136799659553e+01
2.520202020202020332e-01 7.937345581091418012e+01
3.125252525252525393e-01 9.842121707687856258e+01
3.730303030303030454e-01 1.153086363417537967e+02
4.335353535353535515e-01 1.298251268325374497e+02
4.940404040404040575e-01 1.419290863646708942e+02
5.545454545454545636e-01 1.516900799919732208e+02
6.150505050505050697e-01 1.592482690175359608e+02
6.755555555555555758e-01 1.647853594259933629e+02
7.360606060606060819e-01 1.685038648505074832e+02
7.965656565656565880e-01 1.706125724139767499e+02
8.570707070707070940e-01 1.713166681628672450e+02
9.175757575757576001e-01 1.708113368436833355e+02
9.780808080808081062e-01 1.692779121753189315e+02
1.038585858585858501e+00 1.668818601993027926e+02
1.099090909090909118e+00 1.637720455169449565e+02
1.159595959595959735e+00 1.600808654191452831e+02
1.220101010101010131e+00 1.559249446507958510e+02
1.280606060606060526e+00 1.514061678924159651e+02
1.341111111111111143e+00 1.466128918045706371e+02
1.401616161616161760e+00 1.416212273709161309e+02
1.462121212121212155e+00 1.364963193569491011e+02
1.522626262626262550e+00 1.312935761256054832e+02
1.583131313131313167e+00 1.260598217404542822e+02
1.643636363636363784e+00 1.208343554646619395e+02
1.704141414141414179e+00 1.156499127118548813e+02
1.764646464646464574e+00 1.105335274355877004e+02
1.825151515151515191e+00 1.055072996997401162e+02
1.885656565656565808e+00 1.005890744107436205e+02
1.946161616161616204e+00 9.579303834997865863e+01
2.006666666666666377e+00 9.113024312789481485e+01
2.067171717171716772e+00 8.660906165753316088e+01
2.127676767676767611e+00 8.223558547045568901e+01
2.188181818181818006e+00 7.801396968180470992e+01
2.248686868686868401e+00 7.394673192717603172e+01
2.309191919191919240e+00 7.003501092638806824e+01
2.369696969696969635e+00 6.627878978453779268e+01
2.430202020202020030e+00 6.267708856067118006e+01
2.490707070707070425e+00 5.922813010583004001e+01
2.551212121212120820e+00 5.592948269413717099e+01
2.611717171717171659e+00 5.277818252613091232e+01
2.672222222222222054e+00 4.977083879796774113e+01
2.732727272727272450e+00 4.690372367997339609e+01
2.793232323232323289e+00 4.417284924244360411e+01
2.853737373737373684e+00 4.157403309752071863e+01
2.914242424242424079e+00 3.910295429074518836e+01
2.974747474747474474e+00 3.675520077076907910e+01
3.035252525252524869e+00 3.452630958732380861e+01
3.095757575757575708e+00 3.241180081291778237e+01
3.156262626262626103e+00 3.040720604758292467e+01
3.216767676767676498e+00 2.850809225427196125e+01
3.277272727272727337e+00 2.671008156802027500e+01
3.337777777777777732e+00 2.500886763053940953e+01
3.398282828282828127e+00 2.340022894135586284e+01
3.458787878787878523e+00 2.188003963500102600e+01
3.519292929292928918e+00 2.044427804764462664e+01
3.579797979797979757e+00 1.908903338476773115e+01
3.640303030303030152e+00 1.781051075998189148e+01
3.700808080808080547e+00 1.660503483884285814e+01
3.761313131313131386e+00 1.546905229016343419e+01
3.821818181818181781e+00 1.439913322022041520e+01
3.882323232323232176e+00 1.339197174180349137e+01
3.942828282828282571e+00 1.244438580958708407e+01
4.003333333333332966e+00 1.155331643702822575e+01
4.063838383838383805e+00 1.071582639052431318e+01
4.124343434343433756e+00 9.929098451052952967e+00
4.184848484848484595e+00 9.190433313598628473e+00
4.245353535353535435e+00 8.497247191468357386e+00
4.305858585858585386e+00 7.847069177969891562e+00
4.366363636363636225e+00 7.237538417371809807e+00
4.426868686868687064e+00 6.666401124237287590e+00
4.487373737373737015e+00 6.131507488143314255e+00
4.547878787878787854e+00 5.630808494774679929e+00
4.608383838383838693e+00 5.162352690240044950e+00
4.668888888888888644e+00 4.724282911744873914e+00
4.729393939393939483e+00 4.314833004486366974e+00
4.789898989898989434e+00 3.932323304501563754e+00
4.850404040404040273e+00 3.575162433669766493e+00
4.910909090909091113e+00 3.241836312194076974e+00
4.971414141414141064e+00 2.930911197850632810e+00
5.031919191919191903e+00 2.641025348248350557e+00
5.092424242424241854e+00 2.370891831703113350e+00
5.152929292929292693e+00 2.119291483239362783e+00
5.213434343434343532e+00 1.885070982673832329e+00
5.273939393939393483e+00 1.667139974679602954e+00
5.334444444444444322e+00 1.464468264646545892e+00
5.394949494949495161e+00 1.276083092877011715e+00
5.455454545454545112e+00 1.101066489014719929e+00
5.515959595959595951e+00 9.385527080382991549e-01
5.576464646464646790e+00 7.877257486578083112e-01
5.636969696969696741e+00 6.478169545213655622e-01
5.697474747474747581e+00 5.181026982625722699e-01
5.757979797979797532e+00 3.979021480925921672e-01
5.818484848484848371e+00 2.865751163543023838e-01
5.878989898989899210e+00 1.835199892105835451e-01
5.939494949494949161e+00 8.817173642372107267e-02
6.000000000000000000e+00 0.000000000000000000e+00
