1.000000000000000021e-02 8.784545732709175070e+01
7.050505050505050109e-02 1.103413979387820291e+03
1.310101010101010210e-01 2.179474340416922587e+03
1.915151515151515271e-01 3.114975513926333406e+03
2.520202020202020332e-01 3.877436653866449433e+03
3.125252525252525393e-01 4.473983333379261239e+03
3.730303030303030454e-01 4.923437005688376303e+03
4.335353535353535515e-01 5.247032517212554012e+03
4.940404040404040575e-01 5.465013468364250912e+03
5.545454545454545636e-01 5.595455089405206309e+03
6.150505050505050697e-01 5.653995699901333865e+03
6.755555555555555758e-01 5.653939643386795979e+03
7.360606060606060819e-01 5.606498953594450541e+03
7.965656565656565880e-01 5.521070700191951801e+03
8.570707070707070940e-01 5.405505327792327989e+03
9.175757575757576001e-01 5.266348323882501063e+03
9.780808080808081062e-01 5.109050106689847780e+03
1.038585858585858501e+00 4.938144695470443367e+03
1.099090909090909118e+00 4.757400075293686314e+03
1.159595959595959735e+00 4.569943921801833312e+03
1.220101010101010131e+00 4.378368360541057882e+03
1.280606060606060526e+00 4.184817123652427654e+03
1.341111111111111143e+00 3.991058042699722137e+03
1.401616161616161760e+00 3.798543380150590565e+03
1.462121212121212155e+00 3.608460097562141073e+03
1.522626262626262550e+00 3.421771805041984408e+03
1.583131313131313167e+00 3.239253830650360669e+03
1.643636363636363784e+00 3.061522598355557875e+03
1.704141414141414179e+00 2.889060289595506674e+03
1.764646464646464574e+00 2.722235591599768213e+03
1.825151515151515191e+00 2.561321192868735579e+03
1.885656565656565808e+00 2.406508569694199650e+03
1.946161616161616204e+00 2.257920512202033024e+03
2.006666666666666377e+00 2.115621760302629355e+03
2.067171717171716772e+00 1.979628055956662365e+03
2.127676767676767611e+00 1.849913865686182817e+03
2.188181818181818006e+00 1.726418984150514461e+03
2.248686868686868401e+00 1.609054194127130586e+03
2.309191919191919240e+00 1.497706128985910937e+03
2.369696969696969635e+00 1.392241459623419360e+03
2.430202020202020030e+00 1.292510507449169836e+03
2.490707070707070425e+00 1.198350369720555364e+03
2.551212121212120820e+00 1.109587627139810593e+03
2.611717171717171659e+00 1.026040695392649923e+03
2.672222222222222054e+00 9.475218701407443405e+02
2.732727272727272450e+00 8.738391082844682387e+02
2.793232323232323289e+00 8.047975812573906751e+02
2.853737373737373684e+00 7.402010305641099421e+02
2.914242424242424079e+00 6.798529510851409441e+02
2.974747474747474474e+00 6.235576237469324496e+02
3.035252525252524869e+00 5.711210158478936592e+02
3.095757575757575708e+00 5.223515645121582338e+02
3.156262626262626103e+00 4.770608568114769241e+02
3.216767676767676498e+00 4.350642172106872181e+02
3.277272727272727337e+00 3.961812126951343203e+02
3.337777777777777732e+00 3.602360834566944732e+02
3.398282828282828127e+00 3.270581064816655044e+02
3.458787878787878523e+00 2.964818982750600753e+02
3.519292929292928918e+00 2.683476622046394482e+02
3.579797979797979757e+00 2.425013853095690877e+02
3.640303030303030152e+00 2.187949888815214194e+02
3.700808080808080547e+00 1.970864367809602697e+02
3.761313131313131386e+00 1.772398048258776271e+02
3.821818181818181781e+00 1.591253147822143035e+02
3.882323232323232176e+00 1.426193357409411249e+02
3.942828282828282571e+00 1.276043558248114493e+02
4.003333333333332966e+00 1.139689267927957133e+02
4.063838383838383805e+00 1.016075841648447948e+02
4.124343434343433756e+00 9.042074521648244456e+01
4.184848484848484595e+00 8.031458718054220469e+01
4.245353535353535435e+00 7.120090787908426933e+01
4.305858585858585386e+00 6.299697093099729273e+01
4.366363636363636225e+00 5.562533759826263235e+01
4.426868686868687064e+00 4.901368725451101938e+01
4.487373737373737015e+00 4.309462838739636936e+01
4.547878787878787854e+00 3.780550195498685184e+01
4.608383838383838693e+00 3.308817883558716488e+01
4.668888888888888644e+00 2.888885302008440803e+01
4.729393939393939483e+00 2.515783210255451152e+01
4.789898989898989434e+00 2.184932652733899161e+01
4.850404040404040273e+00 1.892123894975985010e+01
4.910909090909091113e+00 1.633495496340997732e+01
4.971414141414141064e+00 1.405513634028046788e+01
5.031919191919191903e+00 1.204951782166356011e+01
5.092424242424241854e+00 1.028870838867228699e+01
5.152929292929292693e+00 8.745997832267992322e+00
5.213434343434343532e+00 7.397169334784897465e+00
5.273939393939393483e+00 6.220318669074562656e+00
5.334444444444444322e+00 5.195680518383197999e+00
5.394949494949495161e+00 4.305462320794256392e+00
5.455454545454545112e+00 3.533685947227286128e+00
5.515959595959595951e+00 2.866038462967965827e+00
5.576464646464646790e+00 2.289724893470650446e+00
5.636969696969696741e+00 1.793344695667717481e+00
5.697474747474747581e+00 1.366755848105823068e+00
5.757979797979797532e+00 1.000962554490734346e+00
5.818484848484848371e+00 6.880047809961583605e-01
5.878989898989899210e+00 4.208566553705007651e-01
5.939494949494949161e+00 1.933324669040611954e-01
6.000000000000000000e+00 0.000000000000000000e+00
