1.000000000000000021e-02 -9.584443499032549996e-01
7.050505050505050109e-02 -4.315479866434311917e-01
1.310101010101010210e-01 2.108437157830584940e-01
1.915151515151515271e-01 8.500875752610269620e-01
2.520202020202020332e-01 1.446659661503923555e+00
3.125252525252525393e-01 1.984678391394477215e+00
3.730303030303030454e-01 2.458835054808603982e+00
4.335353535353535515e-01 2.869172872965777277e+00
4.940404040404040575e-01 3.218542351526202605e+00
5.545454545454545636e-01 3.511226105400147901e+00
6.150505050505050697e-01 3.752152521031782761e+00
6.755555555555555758e-01 3.946433880856669685e+00
7.360606060606060819e-01 4.099094276520876434e+00
7.965656565656565880e-01 4.214913004008127295e+00
8.570707070707070940e-01 4.298339912509328897e+00
9.175757575757576001e-01 4.353456127542157716e+00
9.780808080808081062e-01 4.383963342101004912e+00
1.038585858585858501e+00 4.393190842373329019e+00
1.099090909090909118e+00 4.384113174019550918e+00
1.159595959595959735e+00 4.359373776406647139e+00
1.220101010101010131e+00 4.321311509784370841e+00
1.280606060606060526e+00 4.271988070348928801e+00
1.341111111111111143e+00 4.213215011407107191e+00
1.401616161616161760e+00 4.146579579853220565e+00
1.462121212121212155e+00 4.073468910255279241e+00
1.522626262626262550e+00 3.995092343434848647e+00
1.583131313131313167e+00 3.912501785984155767e+00
1.643636363636363784e+00 3.826610124674936664e+00
1.704141414141414179e+00 3.738207771146534242e+00
1.764646464646464574e+00 3.647977448784946564e+00
1.825151515151515191e+00 3.556507353166201479e+00
1.885656565656565808e+00 3.464302825407118203e+00
1.946161616161616204e+00 3.371796678088104127e+00
2.006666666666666377e+00 3.279358308878200123e+00
2.067171717171716772e+00 3.187301729504238956e+00
2.127676767676767611e+00 3.095892628513195355e+00
2.188181818181818006e+00 3.005354576445205428e+00
2.248686868686868401e+00 2.915874471960988590e+00
2.309191919191919240e+00 2.827607317711787971e+00
2.369696969696969635e+00 2.740680405457141866e+00
2.430202020202020030e+00 2.655196981288340030e+00
2.490707070707070425e+00 2.571239453871950964e+00
2.551212121212120820e+00 2.488872201403347084e+00
2.611717171717171659e+00 2.408144026443388874e+00
2.672222222222222054e+00 2.329090301975283772e+00
2.732727272727272450e+00 2.251734846808172819e+00
2.793232323232323289e+00 2.176091563833154385e+00
2.853737373737373684e+00 2.102165870543471371e+00
2.914242424242424079e+00 2.029955947613840905e+00
2.974747474747474474e+00 1.959453828186991320e+00
3.035252525252524869e+00 1.890646347589536092e+00
3.095757575757575708e+00 1.823515970995719604e+00
3.156262626262626103e+00 1.758041514083053203e+00
3.216767676767676498e+00 1.694198770088319428e+00
3.277272727272727337e+00 1.631961054889245144e+00
3.337777777777777732e+00 1.571299680324489856e+00
3.398282828282828127e+00 1.512184364690634331e+00
3.458787878787878523e+00 1.454583588245363268e+00
3.519292929292928918e+00 1.398464900574012404e+00
3.579797979797979757e+00 1.343795185827245442e+00
3.640303030303030152e+00 1.290540891093849840e+00
3.700808080808080547e+00 1.238668222521744022e+00
3.761313131313131386e+00 1.188143313231218912e+00
3.821818181818181781e+00 1.138932366565432952e+00
3.882323232323232176e+00 1.091001777787096172e+00
3.942828282828282571e+00 1.044318236947621159e+00
4.003333333333332966e+00 9.988488153205119513e-01
4.063838383838383805e+00 9.545610374969580869e-01
4.124343434343433756e+00 9.114229409844885055e-01
4.184848484848484595e+00 8.694031249239736470e-01
4.245353535353535435e+00 8.284707893423285396e-01
4.305858585858585386e+00 7.885957661847210476e-01
4.366363636363636225e+00 7.497485432176212994e-01
4.426868686868687064e+00 7.119002817603985456e-01
4.487373737373737015e+00 6.750228290854370927e-01
4.547878787878787854e+00 6.390887262237655575e-01
4.608383838383838693e+00 6.040712118223321436e-01
4.668888888888888644e+00 5.699442226193934813e-01
4.729393939393939483e+00 5.366823910343835324e-01
4.789898989898989434e+00 5.042610403069701652e-01
4.850404040404040273e+00 4.726561775659727793e-01
4.910909090909091113e+00 4.418444851607398749e-01
4.971414141414141064e+00 4.118033105461663679e-01
5.031919191919191903e+00 3.825106549751694507e-01
5.092424242424241854e+00 3.539451612202367814e-01
5.152929292929292693e+00 3.260861005170340721e-01
5.213434343434343532e+00 2.989133588978246103e-01
5.273939393939393483e+00 2.724074230605518787e-01
5.334444444444444322e+00 2.465493658997092163e-01
5.394949494949495161e+00 2.213208318083201842e-01
5.455454545454545112e+00 1.967040218450665512e-01
5.515959595959595951e+00 1.726816788475095676e-01
5.576464646464646790e+00 1.492370725607739257e-01
5.636969696969696741e+00 1.263539848406963484e-01
5.697474747474747581e+00 1.040166949817513675e-01
5.757979797979797532e+00 8.220996521197809770e-02
5.818484848484848371e+00 6.091902639044181195e-02
5.878989898989899210e+00 4.012956393654932424e-02
5.939494949494949161e+00 1.982770401561147894e-02
6.000000000000000000e+00 0.000000000000000000e+00
