1.000000000000000021e-02 2.147757694873160886e-02
7.050505050505050109e-02 1.250926851261331940e+01
1.310101010101010210e-01 2.707631483563703512e+01
1.915151515151515271e-01 4.095864474466153382e+01
2.520202020202020332e-01 5.333262030292137723e+01
3.125252525252525393e-01 6.393633432889193813e+01
3.730303030303030454e-01 7.274761106439713387e+01
4.335353535353535515e-01 7.985722073881591143e+01
4.940404040404040575e-01 8.540843075002965179e+01
5.545454545454545636e-01 8.956536821466220033e+01
6.150505050505050697e-01 9.249574731935898342e+01
6.755555555555555758e-01 9.436139499388742991e+01
7.360606060606060819e-01 9.531324097260331030e+01
7.965656565656565880e-01 9.548894289651914846e+01
8.570707070707070940e-01 9.501208554583658383e+01
9.175757575757576001e-01 9.399231453159234206e+01
9.780808080808081062e-01 9.252600867918769723e+01
1.038585858585858501e+00 9.069724264774704636e+01
1.099090909090909118e+00 8.857888318783801651e+01
1.159595959595959735e+00 8.623372104098892521e+01
1.220101010101010131e+00 8.371557846410665604e+01
1.280606060606060526e+00 8.107035715113765661e+01
1.341111111111111143e+00 7.833700753962212104e+01
1.401616161616161760e+00 7.554841101959625860e+01
1.462121212121212155e+00 7.273217328298515838e+01
1.522626262626262550e+00 6.991133127810446979e+01
1.583131313131313167e+00 6.710497862177089701e+01
1.643636363636363784e+00 6.432881575984036715e+01
1.704141414141414179e+00 6.159563166043748339e+01
1.764646464646464574e+00 5.891572395897142655e+01
1.825151515151515191e+00 5.629726424957242159e+01
1.885656565656565808e+00 5.374661482639475452e+01
1.946161616161616204e+00 5.126860268880640348e+01
2.006666666666666377e+00 4.886675609391023301e+01
2.067171717171716772e+00 4.654350840429021474e+01
2.127676767676767611e+00 4.430037346099913975e+01
2.188181818181818006e+00 4.213809622503381291e+01
2.248686868686868401e+00 4.005678198207559149e+01
2.309191919191919240e+00 3.805600699803295583e+01
2.369696969696969635e+00 3.613491314723784598e+01
2.430202020202020030e+00 3.429228870950814922e+01
2.490707070707070425e+00 3.252663724428895620e+01
2.551212121212120820e+00 3.083623619668718874e+01
2.611717171717171659e+00 2.921918666847398072e+01
2.672222222222222054e+00 2.767345559135590705e+01
2.732727272727272450e+00 2.619691137800976577e+01
2.793232323232323289e+00 2.478735396595921969e+01
2.853737373737373684e+00 2.344254005961161980e+01
2.914242424242424079e+00 2.216020425191219800e+01
2.974747474747474474e+00 2.093807661885631433e+01
3.035252525252524869e+00 1.977389729595721946e+01
3.095757575757575708e+00 1.866542847506923763e+01
3.156262626262626103e+00 1.761046419878716307e+01
3.216767676767676498e+00 1.660683827687455505e+01
3.277272727272727337e+00 1.565243060370714900e+01
3.337777777777777732e+00 1.474517211653870064e+01
3.398282828282828127e+00 1.388304860063963453e+01
3.458787878787878523e+00 1.306410351829814509e+01
3.519292929292928918e+00 1.228644001363061555e+01
3.579797979797979757e+00 1.154822222359687167e+01
3.640303030303030152e+00 1.084767600705221646e+01
3.700808080808080547e+00 1.018308918768726734e+01
3.761313131313131386e+00 9.552811392948949987e+00
3.821818181818181781e+00 8.955253559190726520e+00
3.882323232323232176e+00 8.388887163107419553e+00
3.942828282828282571e+00 7.852243230731722257e+00
4.003333333333332966e+00 7.343911167723293332e+00
4.063838383838383805e+00 6.862537448180114019e+00
4.124343434343433756e+00 6.406824193617302932e+00
4.184848484848484595e+00 5.975527668949440319e+00
4.245353535353535435e+00 5.567456718185718856e+00
4.305858585858585386e+00 5.181471158994831683e+00
4.366363636363636225e+00 4.816480152249403623e+00
4.426868686868687064e+00 4.471440560195516056e+00
4.487373737373737015e+00 4.145355303444223871e+00
4.547878787878787854e+00 3.837271729271320098e+00
4.608383838383838693e+00 3.546279993646564765e+00
4.668888888888888644e+00 3.271511468528687239e+00
4.729393939393939483e+00 3.012137176345050626e+00
4.789898989898989434e+00 2.767366256756901066e+00
4.850404040404040273e+00 2.536444468740404634e+00
4.910909090909091113e+00 2.318652730418989893e+00
4.971414141414141064e+00 2.113305698460840265e+00
5.031919191919191903e+00 1.919750388320905277e+00
5.092424242424241854e+00 1.737364836163396209e+00
5.152929292929292693e+00 1.565556802925211599e+00
5.213434343434343532e+00 1.403762520668419667e+00
5.273939393939393483e+00 1.251445481110634139e+00
5.334444444444444322e+00 1.108095266006278612e+00
5.394949494949495161e+00 9.732264188786997616e-01
5.455454545454545112e+00 8.463773574575347292e-01
5.515959595959595951e+00 7.271093259809225939e-01
5.576464646464646790e+00 6.150053870384583066e-01
5.636969696969696741e+00 5.096694506617995835e-01
5.697474747474747581e+00 4.107253416180079442e-01
5.757979797979797532e+00 3.178159023203485645e-01
5.818484848484848371e+00 2.306021311988523670e-01
5.878989898989899210e+00 1.487623549556275904e-01
5.939494949494949161e+00 7.199143402398790192e-02
6.000000000000000000e+00 0.000000000000000000e+00
