1.000000000000000021e-02 -9.525241859009702106e-01
7.102040816326531114e-02 -3.245256924338171811e-01
1.320408163265306134e-01 4.739117667117844768e-01
1.930612244897959295e-01 1.290830618716914069e+00
2.540816326530612179e-01 2.063419956925374166e+00
3.151020408163265341e-01 2.759366802029112886e+00
3.761224489795918502e-01 3.362783461643707561e+00
4.371428571428571663e-01 3.867909805033609594e+00
4.981632653061224825e-01 4.275470770390031205e+00
5.591836734693877986e-01 4.590291167765829350e+00
6.202040816326530592e-01 4.819648045090128008e+00
6.812244897959184309e-01 4.972116314001701731e+00
7.422448979591836915e-01 5.056767283825919890e+00
8.032653061224490632e-01 5.082626404110614615e+00
8.642857142857143238e-01 5.058321859948376797e+00
9.253061224489796954e-01 4.991872158274387239e+00
9.863265306122449561e-01 4.890572997486186679e+00
1.047346938775510328e+00 4.760953220635066430e+00
1.108367346938775588e+00 4.608777211615865177e+00
1.169387755102040849e+00 4.439077068971573503e+00
1.230408163265306110e+00 4.256202544403340227e+00
1.291428571428571592e+00 4.063880290005944751e+00
1.352448979591836853e+00 3.865276625651274500e+00
1.413469387755102114e+00 3.663060002541794091e+00
1.474489795918367374e+00 3.459460752313991527e+00
1.535510204081632635e+00 3.256326716436690027e+00
1.596530612244898117e+00 3.055174039415731624e+00
1.657551020408163378e+00 2.857232876141982292e+00
1.718571428571428639e+00 2.663488065251585546e+00
1.779591836734693899e+00 2.474715006876266443e+00
1.840612244897959382e+00 2.291511089205256813e+00
1.901632653061224643e+00 2.114323060368719087e+00
1.962653061224489903e+00 1.943470756752590178e+00
2.023673469387754942e+00 1.779167592524984798e+00
2.084693877551020424e+00 1.621538192806779355e+00
2.145714285714285463e+00 1.470633524281538262e+00
2.206734693877550946e+00 1.326443844295553287e+00
2.267755102040816428e+00 1.188909756121290462e+00
2.328775510204081467e+00 1.057931625585195601e+00
2.389795918367346950e+00 9.333775837272845211e-01
2.450816326530611988e+00 8.150903120958654657e-01
2.511836734693877471e+00 7.028927819008857769e-01
2.572857142857142954e+00 5.965930956131064722e-01
2.633877551020407992e+00 4.959885595293778149e-01
2.694897959183673475e+00 4.008690982401517666e-01
2.755918367346938513e+00 3.110201065517411712e-01
2.816938775510203996e+00 2.262248210494093581e-01
2.877959183673469479e+00 1.462662819052161500e-01
2.938979591836734517e+00 7.092894552507421346e-02
3.000000000000000000e+00 0.000000000000000000e+00
