1.000000000000000021e-02 4.562083488241359009e+05
7.050505050505050109e-02 5.196845137524223886e+06
1.310101010101010210e-01 9.539671037568300962e+06
1.915151515151515271e-01 1.273593684272099473e+07
2.520202020202020332e-01 1.485049534833645634e+07
3.125252525252525393e-01 1.608151648768617027e+07
3.730303030303030454e-01 1.663131121850097924e+07
4.335353535353535515e-01 1.667394906055646949e+07
4.940404040404040575e-01 1.634999004237587377e+07
5.545454545454545636e-01 1.576945098222259246e+07
6.150505050505050697e-01 1.501686222173365206e+07
6.755555555555555758e-01 1.415631832483175024e+07
7.360606060606060819e-01 1.323586407477543876e+07
7.965656565656565880e-01 1.229108735285964794e+07
8.570707070707070940e-01 1.134797877178709768e+07
9.175757575757576001e-01 1.042517299998040311e+07
9.780808080808081062e-01 9.535690668233869597e+06
1.038585858585858501e+00 8.688285829414911568e+06
1.099090909090909118e+00 7.888485660147910006e+06
1.159595959595959735e+00 7.139391617250895128e+06
1.220101010101010131e+00 6.442296308619538322e+06
1.280606060606060526e+00 5.797158187033983879e+06
1.341111111111111143e+00 5.202966568019251339e+06
1.401616161616161760e+00 4.658021992495176382e+06
1.462121212121212155e+00 4.160151178610553965e+06
1.522626262626262550e+00 3.706871375695292372e+06
1.583131313131313167e+00 3.295515519558982924e+06
1.643636363636363784e+00 2.923326995661203284e+06
1.704141414141414179e+00 2.587530806394360494e+06
1.764646464646464574e+00 2.285386410354544874e+06
1.825151515151515191e+00 2.014226320519834524e+06
1.885656565656565808e+00 1.771483639623758383e+06
1.946161616161616204e+00 1.554711011658696225e+06
2.006666666666666377e+00 1.361592922791179735e+06
2.067171717171716772e+00 1.189952868860548828e+06
2.127676767676767611e+00 1.037756576586403069e+06
2.188181818181818006e+00 9.031122128899483941e+05
2.248686868686868401e+00 7.842683175830908585e+05
2.309191919191919240e+00 6.796100391814784380e+05
2.369696969696969635e+00 5.876541317329633748e+05
2.430202020202020030e+00 5.070430736674992368e+05
2.490707070707070425e+00 4.365385952152156387e+05
2.551212121212120820e+00 3.750148391095210100e+05
2.611717171717171659e+00 3.214513326459979871e+05
2.672222222222222054e+00 2.749259105289682047e+05
2.732727272727272450e+00 2.346076973958178423e+05
2.793232323232323289e+00 1.997502343060197309e+05
2.853737373737373684e+00 1.696848136076505762e+05
2.914242424242424079e+00 1.438140703937876679e+05
2.974747474747474474e+00 1.216058657262299384e+05
3.035252525252524869e+00 1.025874860093537282e+05
3.095757575757575708e+00 8.634017416563573352e+04
3.156262626262626103e+00 7.249400109196851554e+04
3.216767676767676498e+00 6.072308001950029575e+04
3.277272727272727337e+00 5.074112163273300393e+04
3.337777777777777732e+00 4.229732394787080557e+04
3.398282828282828127e+00 3.517258786368978326e+04
3.458787878787878523e+00 2.917604686526597288e+04
3.519292929292928918e+00 2.414189748622783009e+04
3.579797979797979757e+00 1.992651574024978981e+04
3.640303030303030152e+00 1.640584374962716902e+04
3.700808080808080547e+00 1.347303017023408574e+04
3.761313131313131386e+00 1.103631078264518328e+04
3.821818181818181781e+00 9.017090793915289396e+03
3.882323232323232176e+00 7.348277207472741793e+03
3.942828282828282571e+00 5.972736637069870085e+03
4.003333333333332966e+00 4.841971076321140572e+03
4.063838383838383805e+00 3.914931425701216085e+03
4.124343434343433756e+00 3.156975941499602868e+03
4.184848484848484595e+00 2.538956785579809093e+03
4.245353535353535435e+00 2.036421773264095918e+03
4.305858585858585386e+00 1.628919270636897181e+03
4.366363636363636225e+00 1.299395060472377736e+03
4.426868686868687064e+00 1.033670863534691534e+03
4.487373737373737015e+00 8.199950570737205453e+02
4.547878787878787854e+00 6.486569648335982947e+02
4.608383838383838693e+00 5.116568946222608929e+02
4.668888888888888644e+00 4.024248640361936395e+02
4.729393939393939483e+00 3.155816774713837276e+02
4.789898989898989434e+00 2.467366947105084591e+02
4.850404040404040273e+00 1.923172610724425340e+02
4.910909090909091113e+00 1.494253503716212208e+02
4.971414141414141064e+00 1.157175271594280019e+02
5.031919191919191903e+00 8.930464868422431834e+01
5.092424242424241854e+00 6.866872658236502502e+01
5.152929292929292693e+00 5.259375254577376779e+01
5.213434343434343532e+00 4.010869652545176933e+01
5.273939393939393483e+00 3.044064065781217110e+01
5.334444444444444322e+00 2.297630027093392258e+01
5.394949494949495161e+00 1.723060541657021716e+01
5.455454545454545112e+00 1.282112103465247088e+01
5.515959595959595951e+00 9.447295949842107632e+00
5.576464646464646790e+00 6.873688687197992309e+00
5.636969696969696741e+00 4.916455949483839127e+00
5.697474747474747581e+00 3.432507672182318892e+00
5.757979797979797532e+00 2.310833208186446441e+00
5.818484848484848371e+00 1.465588554558004963e+00
5.878989898989899210e+00 8.306065929380208601e-01
5.939494949494949161e+00 3.550528601741890777e-01
6.000000000000000000e+00 0.000000000000000000e+00
