1.000000000000000021e-02 2.516879186181195749e+01
7.050505050505050109e-02 3.393247713600420070e+02
1.310101010101010210e-01 6.973479764475106322e+02
1.915151515151515271e-01 1.030391012622472545e+03
2.520202020202020332e-01 1.319263439308015222e+03
3.125252525252525393e-01 1.558921822481179333e+03
3.730303030303030454e-01 1.750207620000271163e+03
4.335353535353535515e-01 1.896616163591026179e+03
4.940404040404040575e-01 2.002772984590972101e+03
5.545454545454545636e-01 2.073649799851314128e+03
6.150505050505050697e-01 2.114147678013982841e+03
6.755555555555555758e-01 2.128878152104668061e+03
7.360606060606060819e-01 2.122056444568608640e+03
7.965656565656565880e-01 2.097459809455301638e+03
8.570707070707070940e-01 2.058423843927282633e+03
9.175757575757576001e-01 2.007860504819856715e+03
9.780808080808081062e-01 1.948287865160339834e+03
1.038585858585858501e+00 1.881865444154343550e+03
1.099090909090909118e+00 1.810431304722035748e+03
1.159595959595959735e+00 1.735538610294070168e+03
1.220101010101010131e+00 1.658490294354620119e+03
1.280606060606060526e+00 1.580371116402801363e+03
1.341111111111111143e+00 1.502076776185784411e+03
1.401616161616161760e+00 1.424340010086287066e+03
1.462121212121212155e+00 1.347753748686626068e+03
1.522626262626262550e+00 1.272791505356559583e+03
1.583131313131313167e+00 1.199825214049311853e+03
1.643636363636363784e+00 1.129140755080326016e+03
1.704141414141414179e+00 1.060951410506079583e+03
1.764646464646464574e+00 9.954094825915456113e+02
1.825151515151515191e+00 9.326162943289905343e+02
1.885656565656565808e+00 8.726307731038115207e+02
1.946161616161616204e+00 8.154767994056700218e+02
2.006666666666666377e+00 7.611494832454133075e+02
2.067171717171716772e+00 7.096205124567485427e+02
2.127676767676767611e+00 6.608426997972850359e+02
2.188181818181818006e+00 6.147538399507538998e+02
2.248686868686868401e+00 5.712799732586458958e+02
2.309191919191919240e+00 5.303381402648800531e+02
2.369696969696969635e+00 4.918386998752461068e+02
2.430202020202020030e+00 4.556872740122399250e+02
2.490707070707070425e+00 4.217863729687232990e+02
2.551212121212120820e+00 3.900367481068527695e+02
2.611717171717171659e+00 3.603385119903660438e+02
2.672222222222222054e+00 3.325920603634833128e+02
2.732727272727272450e+00 3.066988254899519575e+02
2.793232323232323289e+00 2.825618861442438288e+02
2.853737373737373684e+00 2.600864559149024444e+02
2.914242424242424079e+00 2.391802683597807970e+02
2.974747474747474474e+00 2.197538748760061935e+02
3.035252525252524869e+00 2.017208688466519391e+02
3.095757575757575708e+00 1.849980476405119134e+02
3.156262626262626103e+00 1.695055224781246181e+02
3.216767676767676498e+00 1.551667844286114075e+02
3.277272727272727337e+00 1.419087339945567976e+02
3.337777777777777732e+00 1.296616803190465816e+02
3.398282828282828127e+00 1.183593153367602326e+02
3.458787878787878523e+00 1.079386673610442244e+02
3.519292929292928918e+00 9.834003794440634749e+01
3.579797979797979757e+00 8.950692528382177215e+01
3.640303030303030152e+00 8.138593695780380699e+01
3.700808080808080547e+00 7.392669436750064449e+01
3.761313131313131386e+00 6.708173089619614871e+01
3.821818181818181781e+00 6.080638551953779825e+01
3.882323232323232176e+00 5.505869326731722424e+01
3.942828282828282571e+00 4.979927383917925710e+01
4.003333333333332966e+00 4.499121935860881649e+01
4.063838383838383805e+00 4.059998215044615222e+01
4.124343434343433756e+00 3.659326328300046782e+01
4.184848484848484595e+00 3.294090247821182516e+01
4.245353535353535435e+00 2.961476989726316944e+01
4.305858585858585386e+00 2.658866021769999932e+01
4.366363636363636225e+00 2.383818934066171735e+01
4.426868686868687064e+00 2.134069400004677775e+01
4.487373737373737015e+00 1.907513448782450638e+01
4.547878787878787854e+00 1.702200065956121122e+01
4.608383838383838693e+00 1.516322134439812963e+01
4.668888888888888644e+00 1.348207723758074650e+01
4.729393939393939483e+00 1.196311733637435992e+01
4.789898989898989434e+00 1.059207893854963878e+01
4.850404040404040273e+00 9.355811206826052384e+00
4.910909090909091113e+00 8.242202279867791859e+00
4.971414141414141064e+00 7.240109892649058132e+00
5.031919191919191903e+00 6.339295456081209146e+00
5.092424242424241854e+00 5.530361529279782751e+00
5.152929292929292693e+00 4.804692611396681023e+00
5.213434343434343532e+00 4.154399168106915674e+00
5.273939393939393483e+00 3.572264801486842778e+00
5.334444444444444322e+00 3.051696465803713565e+00
5.394949494949495161e+00 2.586677626950611320e+00
5.455454545454545112e+00 2.171724259499845378e+00
5.515959595959595951e+00 1.801843572786580028e+00
5.576464646464646790e+00 1.472495355264366923e+00
5.636969696969696741e+00 1.179555825696237958e+00
5.697474747474747581e+00 9.192838791081596739e-01
5.757979797979797532e+00 6.882896157962814510e-01
5.818484848484848371e+00 4.835050424789708590e-01
5.878989898989899210e+00 3.021568359874344245e-01
5.939494949494949161e+00 1.417410616300504855e-01
6.000000000000000000e+00 0.000000000000000000e+00
