1.000000000000000021e-02 2.989783727919472511e+01
7.050505050505050109e-02 4.047248931539022010e+02
1.310101010101010210e-01 8.383890161109113706e+02
1.915151515151515271e-01 1.247253117202397334e+03
2.520202020202020332e-01 1.606036184070960417e+03
3.125252525252525393e-01 1.906692648316878604e+03
3.730303030303030454e-01 2.148761560402394025e+03
4.335353535353535515e-01 2.335478199198251332e+03
4.940404040404040575e-01 2.471855633004356605e+03
5.545454545454545636e-01 2.563639689365584218e+03
6.150505050505050697e-01 2.616713972887114778e+03
6.755555555555555758e-01 2.636759488574721672e+03
7.360606060606060819e-01 2.629066767455516583e+03
7.965656565656565880e-01 2.598442221855189928e+03
8.570707070707070940e-01 2.549173335553661218e+03
9.175757575757576001e-01 2.485030275514478490e+03
9.780808080808081062e-01 2.409289371595355533e+03
1.038585858585858501e+00 2.324768904435935838e+03
1.099090909090909118e+00 2.233870922970055290e+03
1.159595959595959735e+00 2.138625015269010873e+03
1.220101010101010131e+00 2.040731450961642167e+03
1.280606060606060526e+00 1.941602130443831811e+03
1.341111111111111143e+00 1.842398464843857710e+03
1.401616161616161760e+00 1.744065771624122817e+03
1.462121212121212155e+00 1.647364072908249454e+03
1.522626262626262550e+00 1.552895375494046220e+03
1.583131313131313167e+00 1.461127627196148751e+03
1.643636363636363784e+00 1.372415607835652054e+03
1.704141414141414179e+00 1.287019041971365596e+03
1.764646464646464574e+00 1.205118226413640741e+03
1.825151515151515191e+00 1.126827456999371179e+03
1.885656565656565808e+00 1.052206522348054932e+03
1.946161616161616204e+00 9.812705100590229677e+02
2.006666666666666377e+00 9.139981479458053855e+02
2.067171717171716772e+00 8.503388784759151804e+02
2.127676767676767611e+00 7.902188419100104966e+02
2.188181818181818006e+00 7.335459220670896912e+02
2.248686868686868401e+00 6.802139889865756004e+02
2.309191919191919240e+00 6.301064550622849083e+02
2.369696969696969635e+00 5.830992452312760861e+02
2.430202020202020030e+00 5.390632686035572760e+02
2.490707070707070425e+00 4.978664652552055827e+02
2.551212121212120820e+00 4.593754931061378670e+02
2.611717171717171659e+00 4.234571091269469889e+02
2.672222222222222054e+00 3.899792918901169969e+02
2.732727272727272450e+00 3.588121454182426078e+02
2.793232323232323289e+00 3.298286184203367952e+02
2.853737373737373684e+00 3.029050679604928860e+02
2.914242424242424079e+00 2.779216922857766576e+02
2.974747474747474474e+00 2.547628538505467759e+02
3.035252525252524869e+00 2.333173103818723462e+02
3.095757575757575708e+00 2.134783693317950224e+02
3.156262626262626103e+00 1.951439783587049988e+02
3.216767676767676498e+00 1.782167630769334892e+02
3.277272727272727337e+00 1.626040212010032064e+02
3.337777777777777732e+00 1.482176810302211436e+02
3.398282828282828127e+00 1.349742309501974944e+02
3.458787878787878523e+00 1.227946256138510108e+02
3.519292929292928918e+00 1.116041735948737852e+02
3.579797979797979757e+00 1.013324105668937136e+02
3.640303030303030152e+00 9.191296142675997771e+01
3.700808080808080547e+00 8.328339428406135880e+01
3.761313131313131386e+00 7.538506866080197710e+01
3.821818181818181781e+00 6.816298006951137722e+01
3.882323232323232176e+00 6.156560258658895890e+01
3.942828282828282571e+00 5.554473090072731623e+01
4.003333333333332966e+00 5.005532300575940496e+01
4.063838383838383805e+00 4.505534454491522212e+01
4.124343434343433756e+00 4.050561560986399456e+01
4.184848484848484595e+00 3.636966066185867419e+01
4.245353535353535435e+00 3.261356211235649027e+01
4.305858585858585386e+00 2.920581799183094773e+01
4.366363636363636225e+00 2.611720404237530246e+01
4.426868686868687064e+00 2.332064049110511306e+01
4.487373737373737015e+00 2.079106369137944910e+01
4.547878787878787854e+00 1.850530276217675407e+01
4.608383838383838693e+00 1.644196130679616275e+01
4.668888888888888644e+00 1.458130424782413925e+01
4.729393939393939483e+00 1.290514978012156178e+01
4.789898989898989434e+00 1.139676641251085343e+01
4.850404040404040273e+00 1.004077504260671638e+01
4.910909090909091113e+00 8.823055987099998276e+00
4.971414141414141064e+00 7.730660871124331202e+00
5.031919191919191903e+00 6.751729264778934869e+00
5.092424242424241854e+00 5.875409941989511609e+00
5.152929292929292693e+00 5.091786626365200519e+00
5.213434343434343532e+00 4.391808080254332225e+00
5.273939393939393483e+00 3.767222386608232387e+00
5.334444444444444322e+00 3.210515268250145215e+00
5.394949494949495161e+00 2.714852285611663696e+00
5.455454545454545112e+00 2.274024751708704439e+00
5.515959595959595951e+00 1.882399201977663417e+00
5.576464646464646790e+00 1.534870256444455627e+00
5.636969696969696741e+00 1.226816712423826505e+00
5.697474747474747581e+00 9.540607074629648965e-01
5.757979797979797532e+00 7.128297944374268891e-01
5.818484848484848371e+00 4.997217735033972486e-01
5.878989898989899210e+00 3.116724978362175880e-01
5.939494949494949161e+00 1.459239225762223868e-01
6.000000000000000000e+00 0.000000000000000000e+00
