1.000000000000000021e-02 3.510954805754061425e+01
7.050505050505050109e-02 4.981251705803489926e+02
1.310101010101010210e-01 1.073501974947341523e+03
1.915151515151515271e-01 1.651642566131830563e+03
2.520202020202020332e-01 2.189952686040136541e+03
3.125252525252525393e-01 2.667946204413107353e+03
3.730303030303030454e-01 3.076499280122865457e+03
4.335353535353535515e-01 3.413183483795508891e+03
4.940404040404040575e-01 3.679687275095151563e+03
5.545454545454545636e-01 3.880205766872850290e+03
6.150505050505050697e-01 4.020372795000851511e+03
6.755555555555555758e-01 4.106535773756111666e+03
7.360606060606060819e-01 4.145263378020985328e+03
7.965656565656565880e-01 4.143017434930251511e+03
8.570707070707070940e-01 4.105942387109707852e+03
9.175757575757576001e-01 4.039738962622787767e+03
9.780808080808081062e-01 3.949597558138965724e+03
1.038585858585858501e+00 3.840173194006953509e+03
1.099090909090909118e+00 3.715588621574045646e+03
1.159595959595959735e+00 3.579455742372544591e+03
1.220101010101010131e+00 3.434908211024766842e+03
1.280606060606060526e+00 3.284640148527779729e+03
1.341111111111111143e+00 3.130947431318295457e+03
1.401616161616161760e+00 2.975769162319718362e+03
1.462121212121212155e+00 2.820727764437214773e+03
1.522626262626262550e+00 2.667166737871756141e+03
1.583131313131313167e+00 2.516185547859798589e+03
1.643636363636363784e+00 2.368671404019957208e+03
1.704141414141414179e+00 2.225327891095317227e+03
1.764646464646464574e+00 2.086700539932551692e+03
1.825151515151515191e+00 1.953199506919267606e+03
1.885656565656565808e+00 1.825119574592957633e+03
1.946161616161616204e+00 1.702657706620560930e+03
2.006666666666666377e+00 1.585928394733426558e+03
2.067171717171716772e+00 1.474977029171792083e+03
2.127676767676767611e+00 1.369791511769235740e+03
2.188181818181818006e+00 1.270312314823025417e+03
2.248686868686868401e+00 1.176441171060372881e+03
2.309191919191919240e+00 1.088048562536801455e+03
2.369696969696969635e+00 1.004980157543618816e+03
2.430202020202020030e+00 9.270623293814830959e+02
2.490707070707070425e+00 8.541068742770175959e+02
2.551212121212120820e+00 7.859150322259754375e+02
2.611717171717171659e+00 7.222809017020296096e+02
2.672222222222222054e+00 6.629943278660128954e+02
2.732727272727272450e+00 6.078433338646619859e+02
2.793232323232323289e+00 5.566161559448167964e+02
2.853737373737373684e+00 5.091029353461564710e+02
2.914242424242424079e+00 4.650971130144420158e+02
2.974747474747474474e+00 4.243965675254173107e+02
3.035252525252524869e+00 3.868045308988400848e+02
3.095757575757575708e+00 3.521303130690145622e+02
3.156262626262626103e+00 3.201898614021960157e+02
3.216767676767676498e+00 2.908061784559661760e+02
3.277272727272727337e+00 2.638096181526373698e+02
3.337777777777777732e+00 2.390380779709399235e+02
3.398282828282828127e+00 2.163371025136156334e+02
3.458787878787878523e+00 1.955599119128807217e+02
3.519292929292928918e+00 1.765673666824678776e+02
3.579797979797979757e+00 1.592278794063859095e+02
3.640303030303030152e+00 1.434172821070085320e+02
3.700808080808080547e+00 1.290186571559385698e+02
3.761313131313131386e+00 1.159221385546029950e+02
3.821818181818181781e+00 1.040246895508725657e+02
3.882323232323232176e+00 9.322986179585265631e+01
3.942828282828282571e+00 8.344754057380384893e+01
4.003333333333332966e+00 7.459368004641159189e+01
4.063838383838383805e+00 6.659003192959329454e+01
4.124343434343433756e+00 5.936387055817009184e+01
4.184848484848484595e+00 5.284771688364518383e+01
4.245353535353535435e+00 4.697906358617797196e+01
4.305858585858585386e+00 4.170010315856354310e+01
4.366363636363636225e+00 3.695746053259242103e+01
4.426868686868687064e+00 3.270193156246196509e+01
4.487373737373737015e+00 2.888822845264715866e+01
4.547878787878787854e+00 2.547473301554682479e+01
4.608383838383838693e+00 2.242325846479020868e+01
4.668888888888888644e+00 1.969882029089579945e+01
4.729393939393939483e+00 1.726941662521042531e+01
4.789898989898989434e+00 1.510581837365846170e+01
4.850404040404040273e+00 1.318136929252772838e+01
4.910909090909091113e+00 1.147179608270851503e+01
4.971414141414141064e+00 9.955028495303807290e+00
5.031919191919191903e+00 8.611029369251268051e+00
5.092424242424241854e+00 7.421634459479668600e+00
5.152929292929292693e+00 6.370401861229129992e+00
5.213434343434343532e+00 5.442470791683736486e+00
5.273939393939393483e+00 4.624429453176882809e+00
5.334444444444444322e+00 3.904191672242041111e+00
5.394949494949495161e+00 3.270881984982416668e+00
5.455454545454545112e+00 2.714728821049723351e+00
5.515959595959595951e+00 2.226966167525562312e+00
5.576464646464646790e+00 1.799738147728512372e+00
5.636969696969696741e+00 1.426021726668591505e+00
5.697474747474747581e+00 1.099541190712152172e+00
5.757979797979797532e+00 8.147000044576341304e-01
5.818484848484848371e+00 5.665140893746574147e-01
5.878989898989899210e+00 3.505513569546500063e-01
5.939494949494949161e+00 1.628764002291126223e-01
6.000000000000000000e+00 0.000000000000000000e+00
