1.000000000000000021e-02 3.472377717365312577e+01
7.050505050505050109e-02 4.726175685798662016e+02
1.310101010101010210e-01 9.867480657994146895e+02
1.915151515151515271e-01 1.477666027100597375e+03
2.520202020202020332e-01 1.913006487012498155e+03
3.125252525252525393e-01 2.280944763860741659e+03
3.730303030303030454e-01 2.579197028403172681e+03
4.335353535353535515e-01 2.810451085995050107e+03
4.940404040404040575e-01 2.980005311663173870e+03
5.545454545454545636e-01 3.094410089130347387e+03
6.150505050505050697e-01 3.160647244517261242e+03
6.755555555555555758e-01 3.185629829338157833e+03
7.360606060606060819e-01 3.175904645493228145e+03
7.965656565656565880e-01 3.137487049724255030e+03
8.570707070707070940e-01 3.075782775770731405e+03
9.175757575757576001e-01 2.995566451243119445e+03
9.780808080808081062e-01 2.900996061779201227e+03
1.038585858585858501e+00 2.795649084525105081e+03
1.099090909090909118e+00 2.682570520634705645e+03
1.159595959595959735e+00 2.564326242747650213e+03
1.220101010101010131e+00 2.443057332191834121e+03
1.280606060606060526e+00 2.320532673806571438e+03
1.341111111111111143e+00 2.198198187153148865e+03
1.401616161616161760e+00 2.077221835970203301e+03
1.462121212121212155e+00 1.958534066893514819e+03
1.522626262626262550e+00 1.842863662692541084e+03
1.583131313131313167e+00 1.730769199398329420e+03
1.643636363636363784e+00 1.622666416321668066e+03
1.704141414141414179e+00 1.518851867200564584e+03
1.764646464646464574e+00 1.419523241098196422e+03
1.825151515151515191e+00 1.324796737038465608e+03
1.885656565656565808e+00 1.234721856605694029e+03
1.946161616161616204e+00 1.149293950592841838e+03
2.006666666666666377e+00 1.068464823769475288e+03
2.067171717171716772e+00 9.921516688925324843e+02
2.127676767676767611e+00 9.202445690324733505e+02
2.188181818181818006e+00 8.526127772141098831e+02
2.248686868686868401e+00 7.891099548669055821e+02
2.309191919191919240e+00 7.295785255913674519e+02
2.369696969696969635e+00 6.738532795767910102e+02
2.430202020202020030e+00 6.217643430972386795e+02
2.490707070707070425e+00 5.731396126951165115e+02
2.551212121212120820e+00 5.278067374843637936e+02
2.611717171717171659e+00 4.855947212488940750e+02
2.672222222222222054e+00 4.463352050024419100e+02
2.732727272727272450e+00 4.098634814803328368e+02
2.793232323232323289e+00 3.760192851621773684e+02
2.853737373737373684e+00 3.446473947211962354e+02
2.914242424242424079e+00 3.155980791057083366e+02
2.974747474747474474e+00 2.887274135531226875e+02
3.035252525252524869e+00 2.638974879722177320e+02
3.095757575757575708e+00 2.409765261791188209e+02
3.156262626262626103e+00 2.198389321245682879e+02
3.216767676767676498e+00 2.003652762855720937e+02
3.277272727272727337e+00 1.824422335269179314e+02
3.337777777777777732e+00 1.659624818904818824e+02
3.398282828282828127e+00 1.508245702741102718e+02
3.458787878787878523e+00 1.369327616904552940e+02
3.519292929292928918e+00 1.241968577216011482e+02
3.579797979797979757e+00 1.125320088704886103e+02
3.640303030303030152e+00 1.018585147911363293e+02
3.700808080808080547e+00 9.210161757899878410e+01
3.761313131313131386e+00 8.319129101719191510e+01
3.821818181818181781e+00 7.506202793709850596e+01
3.882323232323232176e+00 6.765262763713198524e+01
3.942828282828282571e+00 6.090598488633235519e+01
4.003333333333332966e+00 5.476888180688040109e+01
4.063838383838383805e+00 4.919178365938137176e+01
4.124343434343433756e+00 4.412863936666565223e+01
4.184848484848484595e+00 3.953668743851503109e+01
4.245353535353535435e+00 3.537626781471511350e+01
4.305858585858585386e+00 3.161064002079743318e+01
4.366363636363636225e+00 2.820580792793840885e+01
4.426868686868687064e+00 2.513035131722061166e+01
4.487373737373737015e+00 2.235526437614824502e+01
4.547878787878787854e+00 1.985380119182705982e+01
4.608383838383838693e+00 1.760132824988138012e+01
4.668888888888888644e+00 1.557518390401994424e+01
4.729393939393939483e+00 1.375454474281057493e+01
4.789898989898989434e+00 1.212029874817083019e+01
4.850404040404040273e+00 1.065492511342296567e+01
4.910909090909091113e+00 9.342380566631804939e+00
4.971414141414141064e+00 8.167992026779369752e+00
5.031919191919191903e+00 7.118355405635325539e+00
5.092424242424241854e+00 6.181240356488175713e+00
5.152929292929292693e+00 5.345500761822199465e+00
5.213434343434343532e+00 4.600990745265212567e+00
5.273939393939393483e+00 3.938485988382921743e+00
5.334444444444444322e+00 3.349610129937602654e+00
5.394949494949495161e+00 2.826766023815852069e+00
5.455454545454545112e+00 2.363071631814907203e+00
5.515959595959595951e+00 1.952300328657910367e+00
5.576464646464646790e+00 1.588825398859412319e+00
5.636969696969696741e+00 1.267568508236984970e+00
5.697474747474747581e+00 9.839519368499287655e-01
5.757979797979797532e+00 7.338543648320245971e-01
5.818484848484848371e+00 5.135704069174927833e-01
5.878989898989899210e+00 3.197709048384446140e-01
5.939494949494949161e+00 1.494721664379941028e-01
6.000000000000000000e+00 0.000000000000000000e+00
