1.000000000000000021e-02 -9.523681767161831235e-01
7.102040816326531114e-02 -3.643635366226821715e-01
1.320408163265306134e-01 3.206718500479503464e-01
1.930612244897959295e-01 9.722521262792432895e-01
2.540816326530612179e-01 1.551779502786589715e+00
3.151020408163265341e-01 2.047187010311085853e+00
3.761224489795918502e-01 2.457691254278370430e+00
4.371428571428571663e-01 2.787795605209186789e+00
4.981632653061224825e-01 3.044436253430249817e+00
5.591836734693877986e-01 3.235492646431500585e+00
6.202040816326530592e-01 3.368977574424577348e+00
6.812244897959184309e-01 3.452595691482433171e+00
7.422448979591836915e-01 3.493512511918390295e+00
8.032653061224490632e-01 3.498247262381171563e+00
8.642857142857143238e-01 3.472639407998429739e+00
9.253061224489796954e-01 3.421858643335739192e+00
9.863265306122449561e-01 3.350439699435252106e+00
1.047346938775510328e+00 3.262330295732238206e+00
1.108367346938775588e+00 3.160944911650325206e+00
1.169387755102040849e+00 3.049219820828797722e+00
1.230408163265306110e+00 2.929666620496799379e+00
1.291428571428571592e+00 2.804422653247629071e+00
1.352448979591836853e+00 2.675297477011652880e+00
1.413469387755102114e+00 2.543815028922681076e+00
1.474489795918367374e+00 2.411251439699676258e+00
1.535510204081632635e+00 2.278668646294430999e+00
1.596530612244898117e+00 2.146944061610886578e+00
1.657551020408163378e+00 2.016796617995047392e+00
1.718571428571428639e+00 1.888809524262339501e+00
1.779591836734693899e+00 1.763450076794143451e+00
1.840612244897959382e+00 1.641086852228102577e+00
1.901632653061224643e+00 1.522004588269587400e+00
1.962653061224489903e+00 1.406417034042660053e+00
2.023673469387754942e+00 1.294478024730496557e+00
2.084693877551020424e+00 1.186291008674655201e+00
2.145714285714285463e+00 1.081917229620335208e+00
2.206734693877550946e+00 9.813827430018658982e-01
2.267755102040816428e+00 8.846844233513401212e-01
2.328775510204081467e+00 7.917951001958519752e-01
2.389795918367346950e+00 7.026679421633795775e-01
2.450816326530611988e+00 6.172401933583115952e-01
2.511836734693877471e+00 5.354363522538697628e-01
2.572857142857142954e+00 4.571708712284499043e-01
2.633877551020407992e+00 3.823504442780663037e-01
2.694897959183673475e+00 3.108759412088627494e-01
2.755918367346938513e+00 2.426440385940176747e-01
2.816938775510203996e+00 1.775485908279123282e-01
2.877959183673469479e+00 1.154817785926431917e-01
2.938979591836734517e+00 5.633506685221379567e-02
3.000000000000000000e+00 0.000000000000000000e+00
