1.000000000000000021e-02 -9.628070387883423953e-01
7.102040816326531114e-02 -5.265904318479598389e-01
1.320408163265306134e-01 -6.312565744258180622e-02
1.930612244897959295e-01 3.385568190989138859e-01
2.540816326530612179e-01 6.652786062450771754e-01
3.151020408163265341e-01 9.215089381964135518e-01
3.761224489795918502e-01 1.116553255826846724e+00
4.371428571428571663e-01 1.260369704241531386e+00
4.981632653061224825e-01 1.362117748816168872e+00
5.591836734693877986e-01 1.429724270237986872e+00
6.202040816326530592e-01 1.469847667409779124e+00
6.812244897959184309e-01 1.487991485317636142e+00
7.422448979591836915e-01 1.488663318151520087e+00
8.032653061224490632e-01 1.475535417041531350e+00
8.642857142857143238e-01 1.451590050105983742e+00
9.253061224489796954e-01 1.419244472417971803e+00
9.863265306122449561e-01 1.380455478327404562e+00
1.047346938775510328e+00 1.336805540758326361e+00
1.108367346938775588e+00 1.289573160150293551e+00
1.169387755102040849e+00 1.239790036978198673e+00
1.230408163265306110e+00 1.188287420199872546e+00
1.291428571428571592e+00 1.135733645033323969e+00
1.352448979591836853e+00 1.082664536261501720e+00
1.413469387755102114e+00 1.029508050117861728e+00
1.474489795918367374e+00 9.766042687429116187e-01
1.535510204081632635e+00 9.242216455966145716e-01
1.596530612244898117e+00 8.725702254490800280e-01
1.657551020408163378e+00 8.218124180447490268e-01
1.718571428571428639e+00 7.720717930050579048e-01
1.779591836734693899e+00 7.234402696511670339e-01
1.840612244897959382e+00 6.759840032859285586e-01
1.901632653061224643e+00 6.297482105764011795e-01
1.962653061224489903e+00 5.847611298709912697e-01
2.023673469387754942e+00 5.410372747901747159e-01
2.084693877551020424e+00 4.985801093686429986e-01
2.145714285714285463e+00 4.573842488909124482e-01
2.206734693877550946e+00 4.174372711464156560e-01
2.267755102040816428e+00 3.787212071740206354e-01
2.328775510204081467e+00 3.412137679276345814e-01
2.389795918367346950e+00 3.048893530522575612e-01
2.450816326530611988e+00 2.697198796582099267e-01
2.511836734693877471e+00 2.356754622274191135e-01
2.572857142857142954e+00 2.027249692832573669e-01
2.633877551020407992e+00 1.708364779607730588e-01
2.694897959183673475e+00 1.399776439418947416e-01
2.755918367346938513e+00 1.101160011963386032e-01
2.816938775510203996e+00 8.121920350192858573e-02
2.877959183673469479e+00 5.325521767395074296e-02
2.938979591836734517e+00 2.619247675120750518e-02
3.000000000000000000e+00 0.000000000000000000e+00
