1.000000000000000021e-02 -9.603004451563083022e-01
7.050505050505050109e-02 -4.408279965875297468e-01
1.310101010101010210e-01 2.211136968764673971e-01
1.915151515151515271e-01 9.054264250676277159e-01
2.520202020202020332e-01 1.564512901558200886e+00
3.125252525252525393e-01 2.174201498459773063e+00
3.730303030303030454e-01 2.722292104829799886e+00
4.335353535353535515e-01 3.203702286919467568e+00
4.940404040404040575e-01 3.617823107940053351e+00
5.545454545454545636e-01 3.966871985035548054e+00
6.150505050505050697e-01 4.254793505544967047e+00
6.755555555555555758e-01 4.486504199354197198e+00
7.360606060606060819e-01 4.667371502629180213e+00
7.965656565656565880e-01 4.802859126062108075e+00
8.570707070707070940e-01 4.898292659403210791e+00
9.175757575757576001e-01 4.958712090591654409e+00
9.780808080808081062e-01 4.988786523041683907e+00
1.038585858585858501e+00 4.992772617406370905e+00
1.099090909090909118e+00 4.974503004153995711e+00
1.159595959595959735e+00 4.937394534641942556e+00
1.220101010101010131e+00 4.884469014879282867e+00
1.280606060606060526e+00 4.818381176808946620e+00
1.341111111111111143e+00 4.741450226759963194e+00
1.401616161616161760e+00 4.655692484005706788e+00
1.462121212121212155e+00 4.562853477832345739e+00
1.522626262626262550e+00 4.464438485074471608e+00
1.583131313131313167e+00 4.361740922211537530e+00
1.643636363636363784e+00 4.255868304091725562e+00
1.704141414141414179e+00 4.147765681517669556e+00
1.764646464646464574e+00 4.038236599848741726e+00
1.825151515151515191e+00 3.927961700914115450e+00
1.885656565656565808e+00 3.817515136098921680e+00
1.946161616161616204e+00 3.707378980420369174e+00
2.006666666666666377e+00 3.597955843684869759e+00
2.067171717171716772e+00 3.489579871012260526e+00
2.127676767676767611e+00 3.382526315112641235e+00
2.188181818181818006e+00 3.277019849300697896e+00
2.248686868686868401e+00 3.173241775298284217e+00
2.309191919191919240e+00 3.071336264504059610e+00
2.369696969696969635e+00 2.971415756407823849e+00
2.430202020202020030e+00 2.873565623673054237e+00
2.490707070707070425e+00 2.777848200301285875e+00
2.551212121212120820e+00 2.684306257400364437e+00
2.611717171717171659e+00 2.592966000383554626e+00
2.672222222222222054e+00 2.503839651910057196e+00
2.732727272727272450e+00 2.416927676463493491e+00
2.793232323232323289e+00 2.332220695103447650e+00
2.853737373737373684e+00 2.249701132363286504e+00
2.914242424242424079e+00 2.169344631781949140e+00
2.974747474747474474e+00 2.091121271461960696e+00
3.035252525252524869e+00 2.014996606990585803e+00
3.095757575757575708e+00 1.940932565143112853e+00
3.156262626262626103e+00 1.868888208792395034e+00
3.216767676767676498e+00 1.798820390567683170e+00
3.277272727272727337e+00 1.730684310456373609e+00
3.337777777777777732e+00 1.664433990473991321e+00
3.398282828282828127e+00 1.600022677746607558e+00
3.458787878787878523e+00 1.537403185811422546e+00
3.519292929292928918e+00 1.476528182613973339e+00
3.579797979797979757e+00 1.417350432533220905e+00
3.640303030303030152e+00 1.359822998776080150e+00
3.700808080808080547e+00 1.303899411627380545e+00
3.761313131313131386e+00 1.249533807302329880e+00
3.821818181818181781e+00 1.196681041509832788e+00
3.882323232323232176e+00 1.145296781282675758e+00
3.942828282828282571e+00 1.095337578153041669e+00
4.003333333333332966e+00 1.046760925338520387e+00
4.063838383838383805e+00 9.995253012459845987e-01
4.124343434343433756e+00 9.535902012908646919e-01
4.184848484848484595e+00 9.089161597657684499e-01
4.245353535353535435e+00 8.654647632259013790e-01
4.305858585858585386e+00 8.231986567644402619e-01
4.366363636363636225e+00 7.820815441898351095e-01
4.426868686868687064e+00 7.420781831496425784e-01
4.487373737373737015e+00 7.031543760247034314e-01
4.547878787878787854e+00 6.652769572993162406e-01
4.608383838383838693e+00 6.284137780431336973e-01
4.668888888888888644e+00 5.925336880391712802e-01
4.729393939393939483e+00 5.576065160219649819e-01
4.789898989898989434e+00 5.236030484230035364e-01
4.850404040404040273e+00 4.904950069651697886e-01
4.910909090909091113e+00 4.582550253988932343e-01
4.971414141414141064e+00 4.268566256299385908e-01
5.031919191919191903e+00 3.962741934521385456e-01
5.092424242424241854e+00 3.664829540660833884e-01
5.152929292929292693e+00 3.374589475372090086e-01
5.213434343434343532e+00 3.091790043224698081e-01
5.273939393939393483e+00 2.816207209740120287e-01
5.334444444444444322e+00 2.547624361101140655e-01
5.394949494949495161e+00 2.285832067280442192e-01
5.455454545454545112e+00 2.030627849198980150e-01
5.515959595959595951e+00 1.781815950409106342e-01
5.576464646464646790e+00 1.539207113696159923e-01
5.636969696969696741e+00 1.302618362904316707e-01
5.697474747474747581e+00 1.071872790220740890e-01
5.757979797979797532e+00 8.467993490861835948e-02
5.818484848484848371e+00 6.272326528457335126e-02
5.878989898989899210e+00 4.130127792081034199e-02
5.939494949494949161e+00 2.039850805413830070e-02
6.000000000000000000e+00 0.000000000000000000e+00
