1.000000000000000021e-02 2.391987710900733398e+12
7.050505050505050109e-02 3.104210910495900000e+13
1.310101010101010210e-01 6.356408321255641406e+13
1.915151515151515271e-01 9.328030074586765625e+13
2.520202020202020332e-01 1.180970603399349375e+14
3.125252525252525393e-01 1.373658649989348906e+14
3.730303030303030454e-01 1.511221686069356875e+14
4.335353535353535515e-01 1.597591255636377188e+14
4.940404040404040575e-01 1.638536602003418438e+14
5.545454545454545636e-01 1.640633891590230000e+14
6.150505050505050697e-01 1.610626169794005312e+14
6.755555555555555758e-01 1.555023010350500625e+14
7.360606060606060819e-01 1.479856941660608125e+14
7.965656565656565880e-01 1.390546042345168281e+14
8.570707070707070940e-01 1.291829438375722031e+14
9.175757575757576001e-01 1.187752745683051250e+14
9.780808080808081062e-01 1.081687154349755156e+14
1.038585858585858501e+00 9.763704003649229688e+13
1.099090909090909118e+00 8.739611074732651562e+13
1.159595959595959735e+00 7.761003394575168750e+13
1.220101010101010131e+00 6.839759439050861719e+13
1.280606060606060526e+00 5.983865622431342188e+13
1.341111111111111143e+00 5.198031450626583594e+13
1.401616161616161760e+00 4.484265309802834375e+13
1.462121212121212155e+00 3.842401834814137500e+13
1.522626262626262550e+00 3.270575801438610938e+13
1.583131313131313167e+00 2.765640448004992578e+13
1.643636363636363784e+00 2.323530340573655469e+13
1.704141414141414179e+00 1.939570499383396875e+13
1.764646464646464574e+00 1.608734671161915430e+13
1.825151515151515191e+00 1.325856439965800195e+13
1.885656565656565808e+00 1.085797406514601172e+13
1.946161616161616204e+00 8.835769706141416016e+12
2.006666666666666377e+00 7.144683824166684570e+12
2.067171717171716772e+00 5.740657053598221680e+12
2.127676767676767611e+00 4.583261926003977539e+12
2.188181818181818006e+00 3.635923413639561035e+12
2.248686868686868401e+00 2.865975795300700195e+12
2.309191919191919240e+00 2.244591754915139160e+12
2.369696969696969635e+00 1.746615658327471924e+12
2.430202020202020030e+00 1.350328823230450195e+12
2.490707070707070425e+00 1.037170455207140991e+12
2.551212121212120820e+00 7.914338995827420654e+11
2.611717171717171659e+00 5.999540609226029053e+11
2.672222222222222054e+00 4.517983515007676392e+11
2.732727272727272450e+00 3.379704043445762939e+11
2.793232323232323289e+00 2.511330596389175110e+11
2.853737373737373684e+00 1.853548183294373474e+11
2.914242424242424079e+00 1.358820484272715912e+11
2.974747474747474474e+00 9.893770764225389099e+10
3.035252525252524869e+00 7.154617914047064209e+10
3.095757575757575708e+00 5.138296628091800690e+10
3.156262626262626103e+00 3.664741357986851501e+10
3.216767676767676498e+00 2.595626982817583847e+10
3.277272727272727337e+00 1.825574112690385818e+10
3.337777777777777732e+00 1.274965528648829460e+10
3.398282828282828127e+00 8.841439483234075546e+09
3.458787878787878523e+00 6.087747694296290398e+09
3.519292929292928918e+00 4.161822146548595905e+09
3.579797979797979757e+00 2.824800504995779037e+09
3.640303030303030152e+00 1.903503682001969576e+09
3.700808080808080547e+00 1.273402790173089027e+09
3.761313131313131386e+00 8.456850989791443348e+08
3.821818181818181781e+00 5.575286965319520235e+08
3.882323232323232176e+00 3.648602040787977576e+08
3.942828282828282571e+00 2.370127706889463663e+08
4.003333333333332966e+00 1.528228993289267421e+08
4.063838383838383805e+00 9.780526160282662511e+07
4.124343434343433756e+00 6.212679682137302309e+07
4.184848484848484595e+00 3.916739884845542163e+07
4.245353535353535435e+00 2.450675394907243550e+07
4.305858585858585386e+00 1.521768571729060635e+07
4.366363636363636225e+00 9.377776080341480672e+06
4.426868686868687064e+00 5.734907252097294666e+06
4.487373737373737015e+00 3.480288838352797087e+06
4.547878787878787854e+00 2.095819010954866186e+06
4.608383838383838693e+00 1.252360289232156007e+06
4.668888888888888644e+00 7.425563707148934482e+05
4.729393939393939483e+00 4.368596702947658487e+05
4.789898989898989434e+00 2.550085549423413468e+05
4.850404040404040273e+00 1.476915967754587473e+05
4.910909090909091113e+00 8.486586172990202613e+04
4.971414141414141064e+00 4.838093725515266851e+04
5.031919191919191903e+00 2.736320178778302216e+04
5.092424242424241854e+00 1.535314468213200598e+04
5.152929292929292693e+00 8.545747006258729016e+03
5.213434343434343532e+00 4.718518247571712891e+03
5.273939393939393483e+00 2.584267451755828006e+03
5.334444444444444322e+00 1.403797804892667045e+03
5.394949494949495161e+00 7.562031180801368464e+02
5.455454545454545112e+00 4.038471176120272048e+02
5.515959595959595951e+00 2.137038315425342319e+02
5.576464646464646790e+00 1.119402567970673203e+02
5.636969696969696741e+00 5.792617768099334796e+01
5.697474747474747581e+00 2.949360196270217216e+01
5.757979797979797532e+00 1.465095019801464460e+01
5.818484848484848371e+00 6.967001960363687907e+00
5.878989898989899210e+00 3.022186551540255284e+00
5.939494949494949161e+00 1.013879753063297029e+00
6.000000000000000000e+00 0.000000000000000000e+00
