1.000000000000000021e-02 1.616373555326852118e-01
7.050505050505050109e-02 1.533011939211944075e+01
1.310101010101010210e-01 3.460139351868522084e+01
1.915151515151515271e-01 5.439657528538675990e+01
2.520202020202020332e-01 7.327395133957996620e+01
3.125252525252525393e-01 9.049965458521414519e+01
3.730303030303030454e-01 1.057073723554657789e+02
4.335353535353535515e-01 1.187511564836047597e+02
4.940404040404040575e-01 1.296241328457648763e+02
5.545454545454545636e-01 1.384075173918629673e+02
6.150505050505050697e-01 1.452364888808117200e+02
6.755555555555555758e-01 1.502766816218115196e+02
7.360606060606060819e-01 1.537079003772369390e+02
7.965656565656565880e-01 1.557129572427182040e+02
8.570707070707070940e-01 1.564702104106673630e+02
9.175757575757576001e-01 1.561487891646399362e+02
9.780808080808081062e-01 1.549057565420558831e+02
1.038585858585858501e+00 1.528846511011315954e+02
1.099090909090909118e+00 1.502149904620112579e+02
1.159595959595959735e+00 1.470124265952572671e+02
1.220101010101010131e+00 1.433793248465512988e+02
1.280606060606060526e+00 1.394056012899395114e+02
1.341111111111111143e+00 1.351697004377897429e+02
1.401616161616161760e+00 1.307396309417874534e+02
1.462121212121212155e+00 1.261740033415447613e+02
1.522626262626262550e+00 1.215230332749325726e+02
1.583131313131313167e+00 1.168294875425062287e+02
1.643636363636363784e+00 1.121295603451995220e+02
1.704141414141414179e+00 1.074536739236970817e+02
1.764646464646464574e+00 1.028272025156144451e+02
1.825151515151515191e+00 9.827112161943671254e+01
1.885656565656565808e+00 9.380258646145534840e+01
1.946161616161616204e+00 8.943544467566043465e+01
2.006666666666666377e+00 8.518068869298598145e+01
2.067171717171716772e+00 8.104685352709472568e+01
2.127676767676767611e+00 7.704036549335471307e+01
2.188181818181818006e+00 7.316584714875372697e+01
2.248686868686868401e+00 6.942638337460921605e+01
2.309191919191919240e+00 6.582375311910529092e+01
2.369696969696969635e+00 6.235863089664231751e+01
2.430202020202020030e+00 5.903076172695471513e+01
2.490707070707070425e+00 5.583911280157044388e+01
2.551212121212120820e+00 5.278200479507209764e+01
2.611717171717171659e+00 4.985722540898670019e+01
2.672222222222222054e+00 4.706212739845020110e+01
2.732727272727272450e+00 4.439371310650434310e+01
2.793232323232323289e+00 4.184870723160236849e+01
2.853737373737373684e+00 3.942361936656222099e+01
2.914242424242424079e+00 3.711479764282819360e+01
2.974747474747474474e+00 3.491847464500703069e+01
3.035252525252524869e+00 3.283080661103802100e+01
3.095757575757575708e+00 3.084790680240199023e+01
3.156262626262626103e+00 2.896587381457324639e+01
3.216767676767676498e+00 2.718081549599201452e+01
3.277272727272727337e+00 2.548886906203873082e+01
3.337777777777777732e+00 2.388621790920635135e+01
3.398282828282828127e+00 2.236910556653424464e+01
3.458787878787878523e+00 2.093384717645492898e+01
3.519292929292928918e+00 1.957683883207856468e+01
3.579797979797979757e+00 1.829456506403267113e+01
3.640303030303030152e+00 1.708360472914233696e+01
3.700808080808080547e+00 1.594063552089922631e+01
3.761313131313131386e+00 1.486243729314463380e+01
3.821818181818181781e+00 1.384589436363195603e+01
3.882323232323232176e+00 1.288799694257460793e+01
3.942828282828282571e+00 1.198584181253877290e+01
4.003333333333332966e+00 1.113663236960473490e+01
4.063838383838383805e+00 1.033767812254401974e+01
4.124343434343433756e+00 9.586393730982205597e+00
4.184848484848484595e+00 8.880297658987927889e+00
4.245353535353535435e+00 8.217010504163566154e+00
4.305858585858585386e+00 7.594253059844615628e+00
4.366363636363636225e+00 7.009844155407923161e+00
4.426868686868687064e+00 6.461698319991684869e+00
4.487373737373737015e+00 5.947823303450150867e+00
4.547878787878787854e+00 5.466317487044774381e+00
4.608383838383838693e+00 5.015367211144138970e+00
4.668888888888888644e+00 4.593244043706929958e+00
4.729393939393939483e+00 4.198302010142718643e+00
4.789898989898989434e+00 3.828974802355639806e+00
4.850404040404040273e+00 3.483772982254618178e+00
4.910909090909091113e+00 3.161281193434113401e+00
4.971414141414141064e+00 2.860155391214089793e+00
5.031919191919191903e+00 2.579120102207517640e+00
5.092424242424241854e+00 2.316965720633494819e+00
5.152929292929292693e+00 2.072545848738585939e+00
5.213434343434343532e+00 1.844774687134767444e+00
5.273939393939393483e+00 1.632624479936431561e+00
5.334444444444444322e+00 1.435123018719081767e+00
5.394949494949495161e+00 1.251351208558626027e+00
5.455454545454545112e+00 1.080440698749468131e+00
5.515959595959595951e+00 9.215715802062358630e-01
5.576464646464646790e+00 7.739701510429352060e-01
5.636969696969696741e+00 6.369063456594994399e-01
5.697474747474747581e+00 5.096932992443296007e-01
5.757979797979797532e+00 3.916827741006835839e-01
5.818484848484848371e+00 2.822652489974833978e-01
5.878989898989899210e+00 1.808663438200807383e-01
5.939494949494949161e+00 8.694691446263050350e-02
6.000000000000000000e+00 0.000000000000000000e+00
