1.000000000000000021e-02 2.556601976720892188e+13
7.050505050505050109e-02 3.269271661290938125e+14
1.310101010101010210e-01 6.621715553016302500e+14
1.915151515151515271e-01 9.606865881759481250e+14
2.520202020202020332e-01 1.200774181856754000e+15
3.125252525252525393e-01 1.376725197573750500e+15
3.730303030303030454e-01 1.490675407818407750e+15
4.335353535353535515e-01 1.548873231986943500e+15
4.940404040404040575e-01 1.559536801565845250e+15
5.545454545454545636e-01 1.531519658803193250e+15
6.150505050505050697e-01 1.473476273153733500e+15
6.755555555555555758e-01 1.393365056638296500e+15
7.360606060606060819e-01 1.298184583920658000e+15
7.965656565656565880e-01 1.193868757340126750e+15
8.570707070707070940e-01 1.085286336057460250e+15
9.175757575757576001e-01 9.763049544633463750e+14
9.780808080808081062e-01 8.698911909429440000e+14
1.038585858585858501e+00 7.682270798042043750e+14
1.099090909090909118e+00 6.728301072616097500e+14
1.159595959595959735e+00 5.846685861758425000e+14
1.220101010101010131e+00 5.042677298457518750e+14
1.280606060606060526e+00 4.318040861716203750e+14
1.341111111111111143e+00 3.671875288104747500e+14
1.401616161616161760e+00 3.101309678285838125e+14
1.462121212121212155e+00 2.602085122602473125e+14
1.522626262626262550e+00 2.169031208271561562e+14
1.583131313131313167e+00 1.796449102312430000e+14
1.643636363636363784e+00 1.478413139560241562e+14
1.704141414141414179e+00 1.209002446145625156e+14
1.764646464646464574e+00 9.824733606585520312e+13
1.825151515151515191e+00 7.933824735137578125e+13
1.885656565656565808e+00 6.366690849029983594e+13
1.946161616161616204e+00 5.077048677341662500e+13
2.006666666666666377e+00 4.023175373082971875e+13
2.067171717171716772e+00 3.167944029820219922e+13
2.127676767676767611e+00 2.478708157151873438e+13
2.188181818181818006e+00 1.927077354132586719e+13
2.248686868686868401e+00 1.488619234139195703e+13
2.309191919191919240e+00 1.142516196050668555e+13
2.369696969696969635e+00 8.711998864989375000e+12
2.430202020202020030e+00 6.599811419630333008e+12
2.490707070707070425e+00 4.966888138951121094e+12
2.551212121212120820e+00 3.713271353182131836e+12
2.611717171717171659e+00 2.757582185177286621e+12
2.672222222222222054e+00 2.034131258309207275e+12
2.732727272727272450e+00 1.490348860075239746e+12
2.793232323232323289e+00 1.084512377901228149e+12
2.853737373737373684e+00 7.837867155583922119e+11
2.914242424242424079e+00 5.625450419824831543e+11
2.974747474747474474e+00 4.009516269541843262e+11
3.035252525252524869e+00 2.837796747909116821e+11
3.095757575757575708e+00 1.994365275139481812e+11
3.156262626262626103e+00 1.391687975893669739e+11
3.216767676767676498e+00 9.642122161339907837e+10
3.277272727272727337e+00 6.632496111199683380e+10
3.337777777777777732e+00 4.529343514191955566e+10
3.398282828282828127e+00 3.070633338934135056e+10
3.458787878787878523e+00 2.066501210101020050e+10
3.519292929292928918e+00 1.380510047133238792e+10
3.579797979797979757e+00 9.154210504022914886e+09
3.640303030303030152e+00 6.025057282047788620e+09
3.700808080808080547e+00 3.935883627276002407e+09
3.761313131313131386e+00 2.551797457361536026e+09
3.821818181818181781e+00 1.641932923081211805e+09
3.882323232323232176e+00 1.048461620041360974e+09
3.942828282828282571e+00 6.643860614331505299e+08
4.003333333333332966e+00 4.177750954743497372e+08
4.063838383838383805e+00 2.606766468801692724e+08
4.124343434343433756e+00 1.613923725545054078e+08
4.184848484848484595e+00 9.914463386192025244e+07
4.245353535353535435e+00 6.042894881223310530e+07
4.305858585858585386e+00 3.654222932059530914e+07
4.366363636363636225e+00 2.192320386361600459e+07
4.426868686868687064e+00 1.304839381837739609e+07
4.487373737373737015e+00 7.704411180432765745e+06
4.547878787878787854e+00 4.512703188992837444e+06
4.608383838383838693e+00 2.622012752962261438e+06
4.668888888888888644e+00 1.511191707342556212e+06
4.729393939393939483e+00 8.639274828787760343e+05
4.789898989898989434e+00 4.898853047448534053e+05
4.850404040404040273e+00 2.755227835265306639e+05
4.910909090909091113e+00 1.536927203321711568e+05
4.971414141414141064e+00 8.502926794800499920e+04
5.031919191919191903e+00 4.665405830941013846e+04
5.092424242424241854e+00 2.538646079077115064e+04
5.152929292929292693e+00 1.369907396558083747e+04
5.213434343434343532e+00 7.330581201343307839e+03
5.273939393939393483e+00 3.889734926089418423e+03
5.334444444444444322e+00 2.046449744667913592e+03
5.394949494949495161e+00 1.067392941244565918e+03
5.455454545454545112e+00 5.518071376234167928e+02
5.515959595959595951e+00 2.826155529149198173e+02
5.576464646464646790e+00 1.432744021612963650e+02
5.636969696969696741e+00 7.176802736552959061e+01
5.697474747474747581e+00 3.538927505341159474e+01
5.757979797979797532e+00 1.704169162460797793e+01
5.818484848484848371e+00 7.868330774733176547e+00
5.878989898989899210e+00 3.321725402143449912e+00
5.939494949494949161e+00 1.087916596458774476e+00
6.000000000000000000e+00 0.000000000000000000e+00
