1.000000000000000021e-02 -9.598500328189250030e-01
7.050505050505050109e-02 -4.399329703444032069e-01
1.310101010101010210e-01 2.131452366584129510e-01
1.915151515151515271e-01 8.802276034601317356e-01
2.520202020202020332e-01 1.516621990694784206e+00
3.125252525252525393e-01 2.101069065238725830e+00
3.730303030303030454e-01 2.623755907794597331e+00
4.335353535353535515e-01 3.081337239721930743e+00
4.940404040404040575e-01 3.474330540265933465e+00
5.545454545454545636e-01 3.805572679087297683e+00
6.150505050505050697e-01 4.079240666815788785e+00
6.755555555555555758e-01 4.300208892305867003e+00
7.360606060606060819e-01 4.473622865420805006e+00
7.965656565656565880e-01 4.604618884097135378e+00
8.570707070707070940e-01 4.698144547295207474e+00
9.175757575757576001e-01 4.758849636835205565e+00
9.780808080808081062e-01 4.791026014956812240e+00
1.038585858585858501e+00 4.798581283998206715e+00
1.099090909090909118e+00 4.785035227450477713e+00
1.159595959595959735e+00 4.753531131796128406e+00
1.220101010101010131e+00 4.706856342218985745e+00
1.280606060606060526e+00 4.647468063065578470e+00
1.341111111111111143e+00 4.577521632121788642e+00
1.401616161616161760e+00 4.498899388129425247e+00
1.462121212121212155e+00 4.413238896201530537e+00
1.522626262626262550e+00 4.321959758138113727e+00
1.583131313131313167e+00 4.226288561303960911e+00
1.643636363636363784e+00 4.127281746438947962e+00
1.704141414141414179e+00 4.025846328512975525e+00
1.764646464646464574e+00 3.922758505805209683e+00
1.825151515151515191e+00 3.818680255787277655e+00
1.885656565656565808e+00 3.714174053343280768e+00
1.946161616161616204e+00 3.609715865476342156e+00
2.006666666666666377e+00 3.505706582902132773e+00
2.067171717171716772e+00 3.402482046993085429e+00
2.127676767676767611e+00 3.300321823588239223e+00
2.188181818181818006e+00 3.199456865144652440e+00
2.248686868686868401e+00 3.100076191211018628e+00
2.309191919191919240e+00 3.002332705143354818e+00
2.369696969696969635e+00 2.906348253015411220e+00
2.430202020202020030e+00 2.812218019251120804e+00
2.490707070707070425e+00 2.720014342785474604e+00
2.551212121212120820e+00 2.629790027742991310e+00
2.611717171717171659e+00 2.541581213699656949e+00
2.672222222222222054e+00 2.455409862584709391e+00
2.732727272727272450e+00 2.371285912136297913e+00
2.793232323232323289e+00 2.289209139490948175e+00
2.853737373737373684e+00 2.209170772936437377e+00
2.914242424242424079e+00 2.131154884861476972e+00
2.974747474747474474e+00 2.055139594755484911e+00
3.035252525252524869e+00 1.981098107315258705e+00
3.095757575757575708e+00 1.908999607339533666e+00
3.156262626262626103e+00 1.838810030394444350e+00
3.216767676767676498e+00 1.770492725642289100e+00
3.277272727272727337e+00 1.704009025102299013e+00
3.337777777777777732e+00 1.639318731731626233e+00
3.398282828282828127e+00 1.576380537084765221e+00
3.458787878787878523e+00 1.515152377895877533e+00
3.519292929292928918e+00 1.455591739701006082e+00
3.579797979797979757e+00 1.397655914551676259e+00
3.640303030303030152e+00 1.341302218947001412e+00
3.700808080808080547e+00 1.286488177309153658e+00
3.761313131313131386e+00 1.233171675629914255e+00
3.821818181818181781e+00 1.181311089311765095e+00
3.882323232323232176e+00 1.130865388701262519e+00
3.942828282828282571e+00 1.081794225356198513e+00
4.003333333333332966e+00 1.034058001691428474e+00
4.063838383838383805e+00 9.876179263036036771e-01
4.124343434343433756e+00 9.424360569748981842e-01
4.184848484848484595e+00 8.984753330957361284e-01
4.245353535353535435e+00 8.556995990229145921e-01
4.305858585858585386e+00 8.140736196615864229e-01
4.366363636363636225e+00 7.735630894868672502e-01
4.426868686868687064e+00 7.341346358962037577e-01
4.487373737373737015e+00 6.957558178296033846e-01
4.547878787878787854e+00 6.583951203903694038e-01
4.608383838383838693e+00 6.220219461034472985e-01
4.668888888888888644e+00 5.866066033846303318e-01
4.729393939393939483e+00 5.521202927072980104e-01
4.789898989898989434e+00 5.185350908890116184e-01
4.850404040404040273e+00 4.858239338635319537e-01
4.910909090909091113e+00 4.539605982534449802e-01
4.971414141414141064e+00 4.229196820153441339e-01
5.031919191919191903e+00 3.926765843911718679e-01
5.092424242424241854e+00 3.632074853665077097e-01
5.152929292929292693e+00 3.344893248074560788e-01
5.213434343434343532e+00 3.064997814227535256e-01
5.273939393939393483e+00 2.792172516757595035e-01
5.334444444444444322e+00 2.526208287518736939e-01
5.394949494949495161e+00 2.266902816703093293e-01
5.455454545454545112e+00 2.014060346147512059e-01
5.515959595959595951e+00 1.767491465448233490e-01
5.576464646464646790e+00 1.527012911393461347e-01
5.636969696969696741e+00 1.292447371131404121e-01
5.697474747474747581e+00 1.063623289405880717e-01
5.757979797979797532e+00 8.403746801246718412e-02
5.818484848484848371e+00 6.225409424611963449e-02
5.878989898989899210e+00 4.099666816413785608e-02
5.939494949494949161e+00 2.025015345178400941e-02
6.000000000000000000e+00 0.000000000000000000e+00
