1.000000000000000021e-02 2.073990085608346523e-01
7.050505050505050109e-02 1.543691425168462494e+01
1.310101010101010210e-01 3.400358354301733499e+01
1.915151515151515271e-01 5.238484218881814769e+01
2.520202020202020332e-01 6.929434188000450945e+01
3.125252525252525393e-01 8.415990632528983895e+01
3.730303030303030454e-01 9.676419162687506059e+01
4.335353535353535515e-01 1.070911987339657827e+02
4.940404040404040575e-01 1.152429211986959103e+02
5.545454545454545636e-01 1.213883165841099441e+02
6.150505050505050697e-01 1.257303140833213178e+02
6.755555555555555758e-01 1.284841651671871716e+02
7.360606060606060819e-01 1.298634191781083871e+02
7.965656565656565880e-01 1.300711798696332266e+02
8.570707070707070940e-01 1.292950412758119398e+02
9.175757575757576001e-01 1.277045616961322736e+02
9.780808080808081062e-01 1.254504500074076248e+02
1.038585858585858501e+00 1.226648673544559500e+02
1.099090909090909118e+00 1.194624173525661206e+02
1.159595959595959735e+00 1.159415249194329078e+02
1.220101010101010131e+00 1.121859979279676907e+02
1.280606060606060526e+00 1.082666347135873082e+02
1.341111111111111143e+00 1.042427900018723932e+02
1.401616161616161760e+00 1.001638468003963283e+02
1.462121212121212155e+00 9.607056596172162699e+01
1.522626262626262550e+00 9.199630138470207896e+01
1.583131313131313167e+00 8.796807940298806727e+01
1.643636363636363784e+00 8.400754748343427991e+01
1.704141414141414179e+00 8.013180115630694900e+01
1.764646464646464574e+00 7.635410001993449214e+01
1.825151515151515191e+00 7.268448434673054237e+01
1.885656565656565808e+00 6.913030370770147215e+01
1.946161616161616204e+00 6.569666848234672329e+01
2.006666666666666377e+00 6.238683423298959241e+01
2.067171717171716772e+00 5.920252803018892962e+01
2.127676767676767611e+00 5.614422477947016432e+01
2.188181818181818006e+00 5.321138066759778695e+01
2.248686868686868401e+00 5.040262994189966861e+01
2.309191919191919240e+00 4.771595041678160953e+01
2.369696969696969635e+00 4.514880236505290156e+01
2.430202020202020030e+00 4.269824479895240188e+01
2.490707070707070425e+00 4.036103257343943085e+01
2.551212121212120820e+00 3.813369724281292861e+01
2.611717171717171659e+00 3.601261418011304016e+01
2.672222222222222054e+00 3.399405807706264682e+01
2.732727272727272450e+00 3.207424864811147813e+01
2.793232323232323289e+00 3.024938806919856304e+01
2.853737373737373684e+00 2.851569145868976918e+01
2.914242424242424079e+00 2.686941150646335430e+01
2.974747474747474474e+00 2.530685818843548773e+01
3.035252525252524869e+00 2.382441436015588820e+01
3.095757575757575708e+00 2.241854790109348272e+01
3.156262626262626103e+00 2.108582097769898667e+01
3.216767676767676498e+00 1.982289690551089478e+01
3.277272727272727337e+00 1.862654501691509523e+01
3.337777777777777732e+00 1.749364387164938250e+01
3.398282828282828127e+00 1.642118311608659909e+01
3.458787878787878523e+00 1.540626420716251488e+01
3.519292929292928918e+00 1.444610023449059888e+01
3.579797979797979757e+00 1.353801499683082632e+01
3.640303030303030152e+00 1.267944148396576942e+01
3.700808080808080547e+00 1.186791988530356079e+01
3.761313131313131386e+00 1.110109522757865541e+01
3.821818181818181781e+00 1.037671472730140820e+01
3.882323232323232176e+00 9.692624929460786021e+00
3.942828282828282571e+00 9.046768692013730018e+00
4.003333333333332966e+00 8.437182065571251499e+00
4.063838383838383805e+00 7.861991109139201406e+00
4.124343434343433756e+00 7.319408675543397358e+00
4.184848484848484595e+00 6.807731194154863275e+00
4.245353535353535435e+00 6.325335472964940919e+00
4.305858585858585386e+00 5.870675538192106302e+00
4.366363636363636225e+00 5.442279527754211976e+00
4.426868686868687064e+00 5.038746644896402671e+00
4.487373737373737015e+00 4.658744186985382285e+00
4.547878787878787854e+00 4.301004651955323332e+00
4.608383838383838693e+00 3.964322928778428068e+00
4.668888888888888644e+00 3.647553575131659009e+00
4.729393939393939483e+00 3.349608184415720391e+00
4.789898989898989434e+00 3.069452843280465082e+00
4.850404040404040273e+00 2.806105679972815459e+00
4.910909090909091113e+00 2.558634503150468031e+00
4.971414141414141064e+00 2.326154530255723607e+00
5.031919191919191903e+00 2.107826204108936174e+00
5.092424242424241854e+00 1.902853096032533609e+00
5.152929292929292693e+00 1.710479893551021036e+00
5.213434343434343532e+00 1.529990470507635258e+00
5.273939393939393483e+00 1.360706037286530945e+00
5.334444444444444322e+00 1.201983368643057215e+00
5.394949494949495161e+00 1.053213107201118159e+00
5.455454545454545112e+00 9.138181386644618209e-01
5.515959595959595951e+00 7.832520381294379996e-01
5.576464646464646790e+00 6.609975837515187358e-01
5.636969696969696741e+00 5.465653352945858412e-01
5.697474747474747581e+00 4.394922755537927217e-01
5.757979797979797532e+00 3.393405119679591686e-01
5.818484848484848371e+00 2.456960361071391929e-01
5.878989898989899210e+00 1.581675387334201821e-01
5.939494949494949161e+00 7.638527819715254519e-02
6.000000000000000000e+00 0.000000000000000000e+00
