1.000000000000000021e-02 7.728519687922185133e-01
7.050505050505050109e-02 2.140590690822655517e+01
1.310101010101010210e-01 4.378476930801833333e+01
1.915151515151515271e-01 6.372342700164399076e+01
2.520202020202020332e-01 8.043949210168041475e+01
3.125252525252525393e-01 9.397786619092850913e+01
3.730303030303030454e-01 1.046442784733105924e+02
4.335353535353535515e-01 1.128124623623031084e+02
4.940404040404040575e-01 1.188506901784472234e+02
5.545454545454545636e-01 1.230943340865306084e+02
6.150505050505050697e-01 1.258376870303789019e+02
6.755555555555555758e-01 1.273339936570643260e+02
7.360606060606060819e-01 1.277988122263446797e+02
7.965656565656565880e-01 1.274144874429173342e+02
8.570707070707070940e-01 1.263347283739924194e+02
9.175757575757576001e-01 1.246888589823489468e+02
9.780808080808081062e-01 1.225855829064912115e+02
1.038585858585858501e+00 1.201162335972937001e+02
1.099090909090909118e+00 1.173575391755227031e+02
1.159595959595959735e+00 1.143739544005475750e+02
1.220101010101010131e+00 1.112196179664115050e+02
1.280606060606060526e+00 1.079399911689230862e+02
1.341111111111111143e+00 1.045732284182016940e+02
1.401616161616161760e+00 1.011513234737012255e+02
1.462121212121212155e+00 9.770106875229170385e+01
1.522626262626262550e+00 9.424485908946044788e+01
1.583131313131313167e+00 9.080136617915260899e+01
1.643636363636363784e+00 8.738610536614859825e+01
1.704141414141414179e+00 8.401191286456476348e+01
1.764646464646464574e+00 8.068934825873600403e+01
1.825151515151515191e+00 7.742703462250588586e+01
1.885656565656565808e+00 7.423194645400376146e+01
1.946161616161616204e+00 7.110965387623284073e+01
2.006666666666666377e+00 6.806453011576431322e+01
2.067171717171716772e+00 6.509992807855844887e+01
2.127676767676767611e+00 6.221833089699822494e+01
2.188181818181818006e+00 5.942148045619338603e+01
2.248686868686868401e+00 5.671048731998831016e+01
2.309191919191919240e+00 5.408592486602885430e+01
2.369696969696969635e+00 5.154791001380775839e+01
2.430202020202020030e+00 4.909617254702362033e+01
2.490707070707070425e+00 4.673011470475348972e+01
2.551212121212120820e+00 4.444886247578318716e+01
2.611717171717171659e+00 4.225130978893993472e+01
2.672222222222222054e+00 4.013615662227069691e+01
2.732727272727272450e+00 3.810194189546350430e+01
2.793232323232323289e+00 3.614707188119648862e+01
2.853737373737373684e+00 3.426984476210299846e+01
2.914242424242424079e+00 3.246847186809248598e+01
2.974747474747474474e+00 3.074109605099253173e+01
3.035252525252524869e+00 2.908580758761058149e+01
3.095757575757575708e+00 2.750065794639094463e+01
3.156262626262626103e+00 2.598367170532100445e+01
3.216767676767676498e+00 2.453285686824200340e+01
3.277272727272727337e+00 2.314621379219608244e+01
3.337777777777777732e+00 2.182174290892067958e+01
3.398282828282828127e+00 2.055745139928408705e+01
3.458787878787878523e+00 1.935135895042250809e+01
3.519292929292928918e+00 1.820150273261566198e+01
3.579797979797979757e+00 1.710594166530883342e+01
3.640303030303030152e+00 1.606276009254461101e+01
3.700808080808080547e+00 1.507007092459450348e+01
3.761313131313131386e+00 1.412601831820880882e+01
3.821818181818181781e+00 1.322877995174374099e+01
3.882323232323232176e+00 1.237656894475195735e+01
3.942828282828282571e+00 1.156763546506247309e+01
4.003333333333332966e+00 1.080026806071645318e+01
4.063838383838383805e+00 1.007279474920766837e+01
4.124343434343433756e+00 9.383583892252659098e+00
4.184848484848484595e+00 8.731044880703558775e+00
4.245353535353535435e+00 8.113628650766356643e+00
4.305858585858585386e+00 7.529828049672395274e+00
4.366363636363636225e+00 6.978178070492531582e+00
4.426868686868687064e+00 6.457255962929738580e+00
4.487373737373737015e+00 5.965681240891297143e+00
4.547878787878787854e+00 5.502115592338985728e+00
4.608383838383838693e+00 5.065262702914147930e+00
4.668888888888888644e+00 4.653868001517484032e+00
4.729393939393939483e+00 4.266718335340308421e+00
4.789898989898989434e+00 3.902641581002652238e+00
4.850404040404040273e+00 3.560506197742614010e+00
4.910909090909091113e+00 3.239220727991368065e+00
4.971414141414141064e+00 2.937733250142751995e+00
5.031919191919191903e+00 2.655030787887727062e+00
5.092424242424241854e+00 2.390138680101969726e+00
5.152929292929292693e+00 2.142119914820047377e+00
5.213434343434343532e+00 1.910074431573018261e+00
5.273939393939393483e+00 1.693138392932016068e+00
5.334444444444444322e+00 1.490483431359844735e+00
5.394949494949495161e+00 1.301315872152923658e+00
5.455454545454545112e+00 1.124875935233893509e+00
5.515959595959595951e+00 9.604369190392099132e-01
5.576464646464646790e+00 8.073043685130835145e-01
5.636969696969696741e+00 6.648152296222479274e-01
5.697474747474747581e+00 5.323369926427811150e-01
5.757979797979797532e+00 4.092668263935890782e-01
5.818484848484848371e+00 2.950307055193258088e-01
5.878989898989899210e+00 1.890825328586973886e-01
5.939494949494949161e+00 9.090325886720444781e-02
6.000000000000000000e+00 0.000000000000000000e+00
