1.000000000000000021e-02 -9.524904344128612976e-01
7.102040816326531114e-02 -3.306070436746787466e-01
1.320408163265306134e-01 4.489044335722261470e-01
1.930612244897959295e-01 1.237203219395954790e+00
2.540816326530612179e-01 1.976010235150734262e+00
3.151020408163265341e-01 2.637109176661829757e+00
3.761224489795918502e-01 3.207741809714827141e+00
4.371428571428571663e-01 3.684237123280357906e+00
4.981632653061224825e-01 4.068490993460298633e+00
5.591836734693877986e-01 4.365774888326773073e+00
6.202040816326530592e-01 4.583290339903316024e+00
6.812244897959184309e-01 4.729193911568017050e+00
7.422448979591836915e-01 4.811940202526548305e+00
8.032653061224490632e-01 4.839847674244407649e+00
8.642857142857143238e-01 4.820822787368481244e+00
9.253061224489796954e-01 4.762196573313315362e+00
9.863265306122449561e-01 4.670640218431145740e+00
1.047346938775510328e+00 4.552135112333687950e+00
1.108367346938775588e+00 4.411979364053407515e+00
1.169387755102040849e+00 4.254817705431299224e+00
1.230408163265306110e+00 4.084685398943526558e+00
1.291428571428571592e+00 3.905059537959477467e+00
1.352448979591836853e+00 3.718913185046569314e+00
1.413469387755102114e+00 3.528769304883502933e+00
1.474489795918367374e+00 3.336752542952016398e+00
1.535510204081632635e+00 3.144637681844223653e+00
1.596530612244898117e+00 2.953894153565101988e+00
1.657551020408163378e+00 2.765726360207557910e+00
1.718571428571428639e+00 2.581109803800407221e+00
1.779591836734693899e+00 2.400823184405934452e+00
1.840612244897959382e+00 2.225476720078899628e+00
1.901632653061224643e+00 2.055536992568250731e+00
1.962653061224489903e+00 1.891348642844510763e+00
2.023673469387754942e+00 1.733153240895628056e+00
2.084693877551020424e+00 1.581105642034515979e+00
2.145714285714285463e+00 1.435288122303167269e+00
2.206734693877550946e+00 1.295722561963786879e+00
2.267755102040816428e+00 1.162380920907152948e+00
2.328775510204081467e+00 1.035194224642848937e+00
2.389795918367346950e+00 9.140602553354262305e-01
2.450816326530611988e+00 7.988501197436592705e-01
2.511836734693877471e+00 6.894138449695466075e-01
2.572857142857142954e+00 5.855851344241866929e-01
2.633877551020407992e+00 4.871853990700801273e-01
2.694897959183673475e+00 3.940271644514602989e-01
2.755918367346938513e+00 3.059169405091063942e-01
2.816938775510203996e+00 2.226576296622845008e-01
2.877959183673469479e+00 1.440505384451299387e-01
2.938979591836734517e+00 6.989704912238724199e-02
3.000000000000000000e+00 0.000000000000000000e+00
