1.000000000000000021e-02 -9.428878446313289086e-01
7.102040816326531114e-02 -2.719321910754712857e-01
1.320408163265306134e-01 4.544739152702030882e-01
1.930612244897959295e-01 1.100133468788827340e+00
2.540816326530612179e-01 1.640061644519430262e+00
3.151020408163265341e-01 2.076134960190005430e+00
3.761224489795918502e-01 2.418609646706191274e+00
4.371428571428571663e-01 2.679859641551671334e+00
4.981632653061224825e-01 2.872007981229402596e+00
5.591836734693877986e-01 3.006053832583511110e+00
6.202040816326530592e-01 3.091621980549688509e+00
6.812244897959184309e-01 3.136975453878135589e+00
7.422448979591836915e-01 3.149133325842572440e+00
8.032653061224490632e-01 3.134022245014947305e+00
8.642857142857143238e-01 3.096629617539931711e+00
9.253061224489796954e-01 3.041144863845829605e+00
9.863265306122449561e-01 2.971083960914058242e+00
1.047346938775510328e+00 2.889396593479886199e+00
1.108367346938775588e+00 2.798557058514457463e+00
1.169387755102040849e+00 2.700640762396288252e+00
1.230408163265306110e+00 2.597388301088706886e+00
1.291428571428571592e+00 2.490259015024220091e+00
1.352448979591836853e+00 2.380475709598482759e+00
1.413469387755102114e+00 2.269062003358860213e+00
1.474489795918367374e+00 2.156873543616523392e+00
1.535510204081632635e+00 2.044624127789712364e+00
1.596530612244898117e+00 1.932907595972886527e+00
1.657551020408163378e+00 1.822216208471700183e+00
1.718571428571428639e+00 1.712956102309591166e+00
1.779591836734693899e+00 1.605460314158705604e+00
1.840612244897959382e+00 1.499999773825547500e+00
1.901632653061224643e+00 1.396792601883509954e+00
1.962653061224489903e+00 1.296011987541358490e+00
2.023673469387754942e+00 1.197792875543079782e+00
2.084693877551020424e+00 1.102237652025813697e+00
2.145714285714285463e+00 1.009420987292256822e+00
2.206734693877550946e+00 9.193939671229820476e-01
2.267755102040816428e+00 8.321876225350901546e-01
2.328775510204081467e+00 7.478159499466726645e-01
2.389795918367346950e+00 6.662784988492387317e-01
2.450816326530611988e+00 5.875625917654552222e-01
2.511836734693877471e+00 5.116452310249079982e-01
2.572857142857142954e+00 4.384947383578612912e-01
2.633877551020407992e+00 3.680721661931061761e-01
2.694897959183673475e+00 3.003325135100575194e-01
2.755918367346938513e+00 2.352257743768555176e-01
2.816938775510203996e+00 1.726978425587846755e-01
2.877959183673469479e+00 1.126912927424071204e-01
2.938979591836734517e+00 5.514605539000585338e-02
3.000000000000000000e+00 0.000000000000000000e+00
