1.000000000000000021e-02 8.881689297187865861e+01
7.050505050505050109e-02 1.164239199582202446e+03
1.310101010101010210e-01 2.376825589593343921e+03
1.915151515151515271e-01 3.495451656143192849e+03
2.520202020202020332e-01 4.463717003198034035e+03
3.125252525252525393e-01 5.271840865682896037e+03
3.730303030303030454e-01 5.927223439565273111e+03
4.335353535353535515e-01 6.443688854482157694e+03
4.940404040404040575e-01 6.836932917332573197e+03
5.545454545454545636e-01 7.122501370072536702e+03
6.150505050505050697e-01 7.314911709656162202e+03
6.755555555555555758e-01 7.427319217435650899e+03
7.360606060606060819e-01 7.471446267219842412e+03
7.965656565656565880e-01 7.457636533102430803e+03
8.570707070707070940e-01 7.394964042253421212e+03
9.175757575757576001e-01 7.291361322401166944e+03
9.780808080808081062e-01 7.153748655593240073e+03
1.038585858585858501e+00 6.988155812053598311e+03
1.099090909090909118e+00 6.799832599205892620e+03
1.159595959595959735e+00 6.593347165381128434e+03
1.220101010101010131e+00 6.372672323207218142e+03
1.280606060606060526e+00 6.141260785953266350e+03
1.341111111111111143e+00 5.902110460533392143e+03
1.401616161616161760e+00 5.657820990669230014e+03
1.462121212121212155e+00 5.410642691620047117e+03
1.522626262626262550e+00 5.162518918760524684e+03
1.583131313131313167e+00 4.915122796172164271e+03
1.643636363636363784e+00 4.669889114305106887e+03
1.704141414141414179e+00 4.428042095684413653e+03
1.764646464646464574e+00 4.190619628136814754e+03
1.825151515151515191e+00 3.958494477203160386e+03
1.885656565656565808e+00 3.732392912989933393e+03
1.946161616161616204e+00 3.512911121232356891e+03
2.006666666666666377e+00 3.300529711678750573e+03
2.067171717171716772e+00 3.095626589639991835e+03
2.127676767676767611e+00 2.898488415451271976e+03
2.188181818181818006e+00 2.709320842389040081e+03
2.248686868686868401e+00 2.528257694358040226e+03
2.309191919191919240e+00 2.355369220030452198e+03
2.369696969696969635e+00 2.190669538983288021e+03
2.430202020202020030e+00 2.034123378642324496e+03
2.490707070707070425e+00 1.885652184092859670e+03
2.551212121212120820e+00 1.745139672487302278e+03
2.611717171717171659e+00 1.612436891308241229e+03
2.672222222222222054e+00 1.487366831674129571e+03
2.732727272727272450e+00 1.369728640048357647e+03
2.793232323232323289e+00 1.259301465384954099e+03
2.853737373737373684e+00 1.155847973391923688e+03
2.914242424242424079e+00 1.059117555278714690e+03
2.974747474747474474e+00 9.688492541482156639e+02
3.035252525252524869e+00 8.847744300198833116e+02
3.095757575757575708e+00 8.066191810994894240e+02
3.156262626262626103e+00 7.341065369242794532e+02
3.216767676767676498e+00 6.669584380329417854e+02
3.277272727272727337e+00 6.048975145909237199e+02
3.337777777777777732e+00 5.476486758159446708e+02
3.398282828282828127e+00 4.949405210431164619e+02
3.458787878787878523e+00 4.465065826054005242e+02
3.519292929292928918e+00 4.020864102981518045e+02
3.579797979797979757e+00 3.614265064751156729e+02
3.640303030303030152e+00 3.242811210676165388e+02
3.700808080808080547e+00 2.904129150534027985e+02
3.761313131313131386e+00 2.595935010340253939e+02
3.821818181818181781e+00 2.316038693350967890e+02
3.882323232323232176e+00 2.062347079289862108e+02
3.942828282828282571e+00 1.832866243573054987e+02
4.003333333333332966e+00 1.625702777047147833e+02
4.063838383838383805e+00 1.439064285364578950e+02
4.124343434343433756e+00 1.271259145553337078e+02
4.184848484848484595e+00 1.120695595534041189e+02
4.245353535353535435e+00 9.858802302780809157e+01
4.305858585858585386e+00 8.654159759650734429e+01
4.366363636363636225e+00 7.579996108823151246e+01
4.426868686868687064e+00 6.624188989243425851e+01
4.487373737373737015e+00 5.775493984078955378e+01
4.547878787878787854e+00 5.023510055463031421e+01
4.608383838383838693e+00 4.358642883519483746e+01
4.668888888888888644e+00 3.772066629935175541e+01
4.729393939393939483e+00 3.255684607657159546e+01
4.789898989898989434e+00 2.802089298684629526e+01
4.850404040404040273e+00 2.404522121862071415e+01
4.910909090909091113e+00 2.056833312438103789e+01
4.971414141414141064e+00 1.753442235341570310e+01
5.031919191919191903e+00 1.489298415020723887e+01
5.092424242424241854e+00 1.259843526644226408e+01
5.152929292929292693e+00 1.060974556793653178e+01
5.213434343434343532e+00 8.890083067639791281e+00
5.273939393939393483e+00 7.406475763565887327e+00
5.334444444444444322e+00 6.129477520483312070e+00
5.394949494949495161e+00 5.032880351504394056e+00
5.455454545454545112e+00 4.093404382415115172e+00
5.515959595959595951e+00 3.290435054244664315e+00
5.576464646464646790e+00 2.605766095521342418e+00
5.636969696969696741e+00 2.023362010666581945e+00
5.697474747474747581e+00 1.529137835628833431e+00
5.757979797979797532e+00 1.110755748853058833e+00
5.818484848484848371e+00 7.574380066243386889e-01
5.878989898989899210e+00 4.597955743165231257e-01
5.939494949494949161e+00 2.096717477257712403e-01
6.000000000000000000e+00 0.000000000000000000e+00
