1.000000000000000021e-02 -9.519097042727214797e-01
7.050505050505050109e-02 -3.417933505487117385e-01
1.310101010101010210e-01 4.013429303050368713e-01
1.915151515151515271e-01 1.135150573927988793e+00
2.520202020202020332e-01 1.809825298164256191e+00
3.125252525252525393e-01 2.404596772601424792e+00
3.730303030303030454e-01 2.912351871220502098e+00
4.335353535353535515e-01 3.333231331779924922e+00
4.940404040404040575e-01 3.671357896626261219e+00
5.545454545454545636e-01 3.932980746456884447e+00
6.150505050505050697e-01 4.125363443894526583e+00
6.755555555555555758e-01 4.256100594508638757e+00
7.360606060606060819e-01 4.332697143508604576e+00
7.965656565656565880e-01 4.362314846580996885e+00
8.570707070707070940e-01 4.351627538538384243e+00
9.175757575757576001e-01 4.306747882325995924e+00
9.780808080808081062e-01 4.233200994589231492e+00
1.038585858585858501e+00 4.135928394134608332e+00
1.099090909090909118e+00 4.019311004837542889e+00
1.159595959595959735e+00 3.887203508431678056e+00
1.220101010101010131e+00 3.742974791366792342e+00
1.280606060606060526e+00 3.589550933217080964e+00
1.341111111111111143e+00 3.429458376971812772e+00
1.401616161616161760e+00 3.264865758653516803e+00
1.462121212121212155e+00 3.097623459854330186e+00
1.522626262626262550e+00 2.929300354483343138e+00
1.583131313131313167e+00 2.761217501341328706e+00
1.643636363636363784e+00 2.594478723455496016e+00
1.704141414141414179e+00 2.429998139551149627e+00
1.764646464646464574e+00 2.268524791465165613e+00
1.825151515151515191e+00 2.110664557369684058e+00
1.885656565656565808e+00 1.956899564260074831e+00
1.946161616161616204e+00 1.807605321214616145e+00
2.006666666666666377e+00 1.663065793420978267e+00
2.067171717171716772e+00 1.523486627298842322e+00
2.127676767676767611e+00 1.389006725766144257e+00
2.188181818181818006e+00 1.259708356881929836e+00
2.248686868686868401e+00 1.135625963949509876e+00
2.309191919191919240e+00 1.016753829264367859e+00
2.369696969696969635e+00 9.030527284414321398e-01
2.430202020202020030e+00 7.944556978047663254e-01
2.490707070707070425e+00 6.908730238831949366e-01
2.551212121212120820e+00 5.921965517393057432e-01
2.611717171717171659e+00 4.983033975906530078e-01
2.672222222222222054e+00 4.090591412051237108e-01
2.732727272727272450e+00 3.243205643465659760e-01
2.793232323232323289e+00 2.439379936059296317e-01
2.853737373737373684e+00 1.677572987298081020e-01
2.914242424242424079e+00 9.562159124242988750e-02
2.974747474747474474e+00 2.737266256429105038e-02
3.035252525252524869e+00 -3.714780408916985160e-02
3.095757575757575708e+00 -9.809721807027875495e-02
3.156262626262626103e+00 -1.556312357581124683e-01
3.216767676767676498e+00 -2.099030622695344794e-01
3.277272727272727337e+00 -2.610628805182535483e-01
3.337777777777777732e+00 -3.092573901886005450e-01
3.398282828282828127e+00 -3.546294415321318283e-01
3.458787878787878523e+00 -3.973177506811474413e-01
3.519292929292928918e+00 -4.374566851470444440e-01
3.579797979797979757e+00 -4.751761092458754443e-01
3.640303030303030152e+00 -5.106012808897509858e-01
3.700808080808080547e+00 -5.438527920769755664e-01
3.761313131313131386e+00 -5.750465464780279978e-01
3.821818181818181781e+00 -6.042937683655073000e-01
3.882323232323232176e+00 -6.317010378881853239e-01
3.942828282828282571e+00 -6.573703483459654162e-01
4.003333333333332966e+00 -6.813991816954327874e-01
4.063838383838383805e+00 -7.038805990162310122e-01
4.124343434343433756e+00 -7.249033431082361201e-01
4.184848484848484595e+00 -7.445519507470261811e-01
4.245353535353535435e+00 -7.629068725370758974e-01
4.305858585858585386e+00 -7.800445984496474638e-01
4.366363636363636225e+00 -7.960377875411862592e-01
4.426868686868687064e+00 -8.109554004747601130e-01
4.487373737373737015e+00 -8.248628336641529168e-01
4.547878787878787854e+00 -8.378220541189560500e-01
4.608383838383838693e+00 -8.498917340603767689e-01
4.668888888888888644e+00 -8.611273846596382286e-01
4.729393939393939483e+00 -8.715814882736402369e-01
4.789898989898989434e+00 -8.813036286795912222e-01
4.850404040404040273e+00 -8.903406188917469821e-01
4.910909090909091113e+00 -8.987366262180559451e-01
4.971414141414141064e+00 -9.065332942806139105e-01
5.031919191919191903e+00 -9.137698617707380455e-01
5.092424242424241854e+00 -9.204832777862228532e-01
5.152929292929292693e+00 -9.267083135969016450e-01
5.213434343434343532e+00 -9.324776707627397965e-01
5.273939393939393483e+00 -9.378220855376704357e-01
5.334444444444444322e+00 -9.427704295267879120e-01
5.394949494949495161e+00 -9.473498065872492102e-01
5.455454545454545112e+00 -9.515856459835572156e-01
5.515959595959595951e+00 -9.555017918251339504e-01
5.576464646464646790e+00 -9.591205888288171222e-01
5.636969696969696741e+00 -9.624629644614006718e-01
5.697474747474747581e+00 -9.655485075276187823e-01
5.757979797979797532e+00 -9.683955432777726635e-01
5.818484848484848371e+00 -9.710212051162177005e-01
5.878989898989899210e+00 -9.734415029977305789e-01
5.939494949494949161e+00 -9.756713886033100414e-01
6.000000000000000000e+00 -9.777248173905501716e-01
