1.000000000000000021e-02 -9.870224581404595243e-01
7.102040816326531114e-02 -8.154730559742864315e-01
1.320408163265306134e-01 -5.970151367305644996e-01
1.930612244897959295e-01 -3.714747723006648905e-01
2.540816326530612179e-01 -1.545892464657133425e-01
3.151020408163265341e-01 4.568626166457192411e-02
3.761224489795918502e-01 2.253721827316326476e-01
4.371428571428571663e-01 3.828490557124802351e-01
4.981632653061224825e-01 5.179763433643137516e-01
5.591836734693877986e-01 6.315433696724315205e-01
6.202040816326530592e-01 7.249032965655703986e-01
6.812244897959184309e-01 7.997222309350034974e-01
7.422448979591836915e-01 8.578067692113561238e-01
8.032653061224490632e-01 9.009872242495509109e-01
8.642857142857143238e-01 9.310409947444986400e-01
9.253061224489796954e-01 9.496448541422700673e-01
9.863265306122449561e-01 9.583478439802272097e-01
1.047346938775510328e+00 9.585585724093932392e-01
1.108367346938775588e+00 9.515423187091532897e-01
1.169387755102040849e+00 9.384245700179179028e-01
1.230408163265306110e+00 9.201985531365122206e-01
1.291428571428571592e+00 8.977350334983209557e-01
1.352448979591836853e+00 8.717931835852243960e-01
1.413469387755102114e+00 8.430317136740022033e-01
1.474489795918367374e+00 8.120197410850875652e-01
1.535510204081632635e+00 7.792470761109239197e-01
1.596530612244898117e+00 7.451337441382279714e-01
1.657551020408163378e+00 7.100386601958742494e-01
1.718571428571428639e+00 6.742674365183891627e-01
1.779591836734693899e+00 6.380793449686927854e-01
1.840612244897959382e+00 6.016934811487198997e-01
1.901632653061224643e+00 5.652941907901580798e-01
1.962653061224489903e+00 5.290358251964070169e-01
2.023673469387754942e+00 4.930468936649253231e-01
2.084693877551020424e+00 4.574336788647032637e-01
2.145714285714285463e+00 4.222833772602518354e-01
2.206734693877550946e+00 3.876668218047448211e-01
2.267755102040816428e+00 3.536408388173420403e-01
2.328775510204081467e+00 3.202502856010576715e-01
2.389795918367346950e+00 2.875298101863496547e-01
2.450816326530611988e+00 2.555053697359699894e-01
2.511836734693877471e+00 2.241955396976020309e-01
2.572857142857142954e+00 1.936126417617780315e-01
2.633877551020407992e+00 1.637637150822419119e-01
2.694897959183673475e+00 1.346513520211482517e-01
2.755918367346938513e+00 1.062744168654717464e-01
2.816938775510203996e+00 7.862866350484827571e-02
2.877959183673469479e+00 5.170726587731058754e-02
2.938979591836734517e+00 2.550127315475609474e-02
3.000000000000000000e+00 0.000000000000000000e+00
