1.000000000000000021e-02 -8.908477329908488507e-01
7.050505050505050109e-02 3.774774107267705459e-01
1.310101010101010210e-01 1.727781455464500793e+00
1.915151515151515271e-01 2.901181381809153415e+00
2.520202020202020332e-01 3.858304622716024479e+00
3.125252525252525393e-01 4.611244456621134802e+00
3.730303030303030454e-01 5.186417727730512794e+00
4.335353535353535515e-01 5.612362563011621397e+00
4.940404040404040575e-01 5.915460290181231429e+00
5.545454545454545636e-01 6.118623576480956672e+00
6.150505050505050697e-01 6.241154041244024953e+00
6.755555555555555758e-01 6.299045448395481195e+00
7.360606060606060819e-01 6.305426863026583284e+00
7.965656565656565880e-01 6.271016804875252149e+00
8.570707070707070940e-01 6.204537326347574044e+00
9.175757575757576001e-01 6.113071756123077627e+00
9.780808080808081062e-01 6.002365098694117940e+00
1.038585858585858501e+00 5.877072268391455800e+00
1.099090909090909118e+00 5.740961333416875867e+00
1.159595959595959735e+00 5.597079060505316228e+00
1.220101010101010131e+00 5.447885388001748375e+00
1.280606060606060526e+00 5.295362537232041866e+00
1.341111111111111143e+00 5.141103538203505963e+00
1.401616161616161760e+00 4.986384096296192503e+00
1.462121212121212155e+00 4.832220995226763627e+00
1.522626262626262550e+00 4.679419620659090562e+00
1.583131313131313167e+00 4.528612687665273917e+00
1.643636363636363784e+00 4.380291848561989276e+00
1.704141414141414179e+00 4.234833529819749032e+00
1.764646464646464574e+00 4.092520083481964832e+00
1.825151515151515191e+00 3.953557127537246085e+00
1.885656565656565808e+00 3.818087780688455446e+00
1.946161616161616204e+00 3.686204361585806222e+00
2.006666666666666377e+00 3.557958014041052941e+00
2.067171717171716772e+00 3.433366632600605595e+00
2.127676767676767611e+00 3.312421392784201224e+00
2.188181818181818006e+00 3.195092133851737071e+00
2.248686868686868401e+00 3.081331796405693879e+00
2.309191919191919240e+00 2.971080080280113833e+00
2.369696969696969635e+00 2.864266458318005526e+00
2.430202020202020030e+00 2.760812657365887546e+00
2.490707070707070425e+00 2.660634698078731653e+00
2.551212121212120820e+00 2.563644569019294384e+00
2.611717171717171659e+00 2.469751597364833628e+00
2.672222222222222054e+00 2.378863567769162746e+00
2.732727272727272450e+00 2.290887632039086963e+00
2.793232323232323289e+00 2.205731045045363103e+00
2.853737373737373684e+00 2.123301756266979812e+00
2.914242424242424079e+00 2.043508881420153855e+00
2.974747474747474474e+00 1.966263074532528909e+00
3.035252525252524869e+00 1.891476817430693069e+00
3.095757575757575708e+00 1.819064640794984422e+00
3.156262626262626103e+00 1.748943288598278745e+00
3.216767676767676498e+00 1.681031835799418506e+00
3.277272727272727337e+00 1.615251767542287276e+00
3.337777777777777732e+00 1.551527026754426331e+00
3.398282828282828127e+00 1.489784035916689175e+00
3.458787878787878523e+00 1.429951697822398948e+00
3.519292929292928918e+00 1.371961379358014321e+00
3.579797979797979757e+00 1.315746881672995583e+00
3.640303030303030152e+00 1.261244399550347950e+00
3.700808080808080547e+00 1.208392472323070344e+00
3.761313131313131386e+00 1.157131928289455436e+00
3.821818181818181781e+00 1.107405824251381787e+00
3.882323232323232176e+00 1.059159381522610577e+00
3.942828282828282571e+00 1.012339919519015918e+00
4.003333333333332966e+00 9.668967878666042681e-01
4.063838383838383805e+00 9.227812977402124472e-01
4.124343434343433756e+00 8.799466531076503006e-01
4.184848484848484595e+00 8.383478823196470753e-01
4.245353535353535435e+00 7.979417705131365279e-01
4.305858585858585386e+00 7.586867930822128736e-01
4.366363636363636225e+00 7.205430505176739775e-01
4.426868686868687064e+00 6.834722047918992960e-01
4.487373737373737015e+00 6.474374174399092352e-01
4.547878787878787854e+00 6.124032894449616959e-01
4.608383838383838693e+00 5.783358030035740116e-01
4.668888888888888644e+00 5.452022652177418438e-01
4.729393939393939483e+00 5.129712537396653449e-01
4.789898989898989434e+00 4.816125643754385899e-01
4.850404040404040273e+00 4.510971606395769995e-01
4.910909090909091113e+00 4.213971252396455092e-01
4.971414141414141064e+00 3.924856134608424862e-01
5.031919191919191903e+00 3.643368084124209982e-01
5.092424242424241854e+00 3.369258780919897611e-01
5.152929292929292693e+00 3.102289342191054122e-01
5.213434343434343532e+00 2.842229927862179872e-01
5.273939393939393483e+00 2.588859362726722013e-01
5.334444444444444322e+00 2.341964774658565618e-01
5.394949494949495161e+00 2.101341248329045286e-01
5.455454545454545112e+00 1.866791493858233064e-01
5.515959595959595951e+00 1.638125529833427685e-01
5.576464646464646790e+00 1.415160380130870421e-01
5.636969696969696741e+00 1.197719783987572506e-01
5.697474747474747581e+00 9.856339187787206690e-02
5.757979797979797532e+00 7.787391349704771148e-02
5.818484848484848371e+00 5.768777027309621164e-02
5.878989898989899210e+00 3.798975696985393280e-02
5.939494949494949161e+00 1.876521294215205415e-02
6.000000000000000000e+00 0.000000000000000000e+00
