1.000000000000000021e-02 3.023070897063431772e+01
7.050505050505050109e-02 4.265139625549385869e+02
1.310101010101010210e-01 9.119109130556784066e+02
1.915151515151515271e-01 1.393752910649545811e+03
2.520202020202020332e-01 1.838051359603072342e+03
3.125252525252525393e-01 2.229606549319671103e+03
3.730303030303030454e-01 2.562437913657683566e+03
4.335353535353535515e-01 2.835727313544789467e+03
4.940404040404040575e-01 3.051669431549521050e+03
5.545454545454545636e-01 3.214193526970105268e+03
6.150505050505050697e-01 3.328155852242596666e+03
6.755555555555555758e-01 3.398815170435437267e+03
7.360606060606060819e-01 3.431490619354016417e+03
7.965656565656565880e-01 3.431341968341898337e+03
8.570707070707070940e-01 3.403233850477987744e+03
9.175757575757576001e-01 3.351658071503675274e+03
9.780808080808081062e-01 3.280695962569201129e+03
1.038585858585858501e+00 3.194007989193449703e+03
1.099090909090909118e+00 3.094841471508130780e+03
1.159595959595959735e+00 2.986049876770283390e+03
1.220101010101010131e+00 2.870119030782336722e+03
1.280606060606060526e+00 2.749196975594782543e+03
1.341111111111111143e+00 2.625125209657562664e+03
1.401616161616161760e+00 2.499469783382316109e+03
1.462121212121212155e+00 2.373551255293562463e+03
1.522626262626262550e+00 2.248472898169828113e+03
1.583131313131313167e+00 2.125146814414637447e+03
1.643636363636363784e+00 2.004317809102476076e+03
1.704141414141414179e+00 1.886584997190986996e+03
1.764646464646464574e+00 1.772421205746238911e+03
1.825151515151515191e+00 1.662190284863977240e+03
1.885656565656565808e+00 1.556162471362675205e+03
1.946161616161616204e+00 1.454527964239174707e+03
2.006666666666666377e+00 1.357408875028210787e+03
2.067171717171716772e+00 1.264869713390060497e+03
2.127676767676767611e+00 1.176926560931498898e+03
2.188181818181818006e+00 1.093555076321926435e+03
2.248686868686868401e+00 1.014697463482633680e+03
2.309191919191919240e+00 9.402685226836472339e+02
2.369696969696969635e+00 8.701608932548388111e+02
2.430202020202020030e+00 8.042495842867404008e+02
2.490707070707070425e+00 7.423958805714494247e+02
2.551212121212120820e+00 6.844507002100212958e+02
2.611717171717171659e+00 6.302574720245988829e+02
2.672222222222222054e+00 5.796545927681155490e+02
2.732727272727272450e+00 5.324775169905854000e+02
2.793232323232323289e+00 4.885605260408647723e+02
2.853737373737373684e+00 4.477382170918637598e+02
2.914242424242424079e+00 4.098467478843026015e+02
2.974747474747474474e+00 3.747248688572278184e+02
3.035252525252524869e+00 3.422147701267272168e+02
3.095757575757575708e+00 3.121627674288808407e+02
3.156262626262626103e+00 2.844198484457251652e+02
3.216767676767676498e+00 2.588420979959270198e+02
3.277272727272727337e+00 2.352910184889778691e+02
3.337777777777777732e+00 2.136337599900879241e+02
3.398282828282828127e+00 1.937432725059005634e+02
3.458787878787878523e+00 1.754983915666304881e+02
3.519292929292928918e+00 1.587838668835822205e+02
3.579797979797979757e+00 1.434903425567822524e+02
3.640303030303030152e+00 1.295142964901357345e+02
3.700808080808080547e+00 1.167579455508968351e+02
3.761313131313131386e+00 1.051291223354736957e+02
3.821818181818181781e+00 9.454112865809076993e+01
3.882323232323232176e+00 8.491257026105347450e+01
3.942828282828282571e+00 7.616717669374233424e+01
4.003333333333332966e+00 6.823360981845765139e+01
4.063838383838383805e+00 6.104526396709120917e+01
4.124343434343433756e+00 5.454006038630864595e+01
4.184848484848484595e+00 4.866023826512653017e+01
4.245353535353535435e+00 4.335214433206221685e+01
4.305858585858585386e+00 3.856602273525045632e+01
4.366363636363636225e+00 3.425580667445576921e+01
4.426868686868687064e+00 3.037891303527679554e+01
4.487373737373737015e+00 2.689604108048680686e+01
4.547878787878787854e+00 2.377097607882667418e+01
4.608383838383838693e+00 2.097039859556249652e+01
4.668888888888888644e+00 1.846370002997353055e+01
4.729393939393939483e+00 1.622280486089355733e+01
4.789898989898989434e+00 1.422199995121462557e+01
4.850404040404040273e+00 1.243777116445963671e+01
4.910909090909091113e+00 1.084864746016840975e+01
4.971414141414141064e+00 9.435052558738048489e+00
5.031919191919191903e+00 8.179164199762906762e+00
5.092424242424241854e+00 7.064780959899988666e+00
5.152929292929292693e+00 6.077196546131036214e+00
5.213434343434343532e+00 5.203081437291275257e+00
5.273939393939393483e+00 4.430371710297562160e+00
5.334444444444444322e+00 3.748164856959952829e+00
5.394949494949495161e+00 3.146622372159011860e+00
5.455454545454545112e+00 2.616878873918071502e+00
5.515959595959595951e+00 2.150957500070935335e+00
5.576464646464646790e+00 1.741691950462731509e+00
5.636969696969696741e+00 1.382650446549728906e+00
5.697474747474747581e+00 1.068074685762591569e+00
5.757979797979797532e+00 7.928112443777683982e-01
5.818484848484848371e+00 5.522574093583734189e-01
5.878989898989899210e+00 3.423078006270057205e-01
5.939494949494949161e+00 1.593059600016960287e-01
6.000000000000000000e+00 0.000000000000000000e+00
