1.000000000000000021e-02 2.544991617621320756e+01
7.050505050505050109e-02 3.575367114776069570e+02
1.310101010101010210e-01 7.582983120824160324e+02
1.915151515151515271e-01 1.151026489735001405e+03
2.520202020202020332e-01 1.509268459871381083e+03
3.125252525252525393e-01 1.822194164941503004e+03
3.730303030303030454e-01 2.086290484927882517e+03
4.335353535353535515e-01 2.301924532666991581e+03
4.940404040404040575e-01 2.471588938708228397e+03
5.545454545454545636e-01 2.598907916208961069e+03
6.150505050505050697e-01 2.688040248905947010e+03
6.755555555555555758e-01 2.743311258520573574e+03
7.360606060606060819e-01 2.768985254965628883e+03
7.965656565656565880e-01 2.769127685586188818e+03
8.570707070707070940e-01 2.747525921454317995e+03
9.175757575757576001e-01 2.707648785708985997e+03
9.780808080808081062e-01 2.652631662505036729e+03
1.038585858585858501e+00 2.585278290647060658e+03
1.099090909090909118e+00 2.508073152145698259e+03
1.159595959595959735e+00 2.423200264545363098e+03
1.220101010101010131e+00 2.332565496254586833e+03
1.280606060606060526e+00 2.237820440476554268e+03
1.341111111111111143e+00 2.140386529015257565e+03
1.401616161616161760e+00 2.041478523443588756e+03
1.462121212121212155e+00 1.942126842976287435e+03
1.522626262626262550e+00 1.843198414165716031e+03
1.583131313131313167e+00 1.745415884294349098e+03
1.643636363636363784e+00 1.649375147446889287e+03
1.704141414141414179e+00 1.555561203705574144e+03
1.764646464646464574e+00 1.464362417884832894e+03
1.825151515151515191e+00 1.376083272107476887e+03
1.885656565656565808e+00 1.290955721713441562e+03
1.946161616161616204e+00 1.209149270402608181e+03
2.006666666666666377e+00 1.130779880984520105e+03
2.067171717171716772e+00 1.055917834685337084e+03
2.127676767676767611e+00 9.845946461085479768e+02
2.188181818181818006e+00 9.168091336936840889e+02
2.248686868686868401e+00 8.525327376003542668e+02
2.309191919191919240e+00 7.917141687608409484e+02
2.369696969696969635e+00 7.342834650496720315e+02
2.430202020202020030e+00 6.801555227613625902e+02
2.490707070707070425e+00 6.292331642726778682e+02
2.551212121212120820e+00 5.814097967448871032e+02
2.611717171717171659e+00 5.365717100565220790e+02
2.672222222222222054e+00 4.946000570892913402e+02
2.732727272727272450e+00 4.553725544554301905e+02
2.793232323232323289e+00 4.187649373781944178e+02
2.853737373737373684e+00 3.846521985161328416e+02
2.914242424242424079e+00 3.529096370831753120e+02
2.974747474747474474e+00 3.234137413962647543e+02
3.035252525252524869e+00 2.960429255131770674e+02
3.095757575757575708e+00 2.706781379844409798e+02
3.156262626262626103e+00 2.472033586315363323e+02
3.216767676767676498e+00 2.255059976282588821e+02
3.277272727272727337e+00 2.054772092383126676e+02
3.337777777777777732e+00 1.870121312749656681e+02
3.398282828282828127e+00 1.700100600226330130e+02
3.458787878787878523e+00 1.543745692419923898e+02
3.519292929292928918e+00 1.400135808834070872e+02
3.579797979797979757e+00 1.268393942917462596e+02
3.640303030303030152e+00 1.147686798103468675e+02
3.700808080808080547e+00 1.037224421770546883e+02
3.761313131313131386e+00 9.362595833125757849e+01
3.821818181818181781e+00 8.440869381142492500e+01
3.882323232323232176e+00 7.600420141308048017e+01
3.942828282828282571e+00 6.835000535602672755e+01
4.003333333333332966e+00 6.138747383047683570e+01
4.063838383838383805e+00 5.506168245310430365e+01
4.124343434343433756e+00 4.932127086125368010e+01
4.184848484848484595e+00 4.411829440237019639e+01
4.245353535353535435e+00 3.940807263251518577e+01
4.305858585858585386e+00 3.514903611960410501e+01
4.366363636363636225e+00 3.130257285079876794e+01
4.426868686868687064e+00 2.783287536719074140e+01
4.487373737373737015e+00 2.470678959027947741e+01
4.547878787878787854e+00 2.189366616209649052e+01
4.608383838383838693e+00 1.936521499253986178e+01
4.668888888888888644e+00 1.709536359221139179e+01
4.729393939393939483e+00 1.506011966557709236e+01
4.789898989898989434e+00 1.323743834653454776e+01
4.850404040404040273e+00 1.160709437552401191e+01
4.910909090909091113e+00 1.015055944329926696e+01
4.971414141414141064e+00 8.850884860678075228e+00
5.031919191919191903e+00 7.692589655237142665e+00
5.092424242424241854e+00 6.661554144492887630e+00
5.152929292929292693e+00 5.744918989956346422e+00
5.213434343434343532e+00 4.930989697098131508e+00
5.273939393939393483e+00 4.209146492224445701e+00
5.334444444444444322e+00 3.569759478056590662e+00
5.394949494949495161e+00 3.004108945078077575e+00
5.455454545454545112e+00 2.504310695009741128e+00
5.515959595959595951e+00 2.063246215776852299e+00
5.576464646464646790e+00 1.674497533682041128e+00
5.636969696969696741e+00 1.332286557872131239e+00
5.697474747474747581e+00 1.031419175297973112e+00
5.757979797979797532e+00 7.672307409243821485e-01
5.818484848484848371e+00 5.355422326538742395e-01
5.878989898989899210e+00 3.326110831530637579e-01
5.939494949494949161e+00 1.550922710653955816e-01
6.000000000000000000e+00 0.000000000000000000e+00
