1.000000000000000021e-02 3.472377717365312577e+01
7.050505050505050109e-02 4.726175685798663153e+02
1.310101010101010210e-01 9.867480657994149169e+02
1.915151515151515271e-01 1.477666027100597603e+03
2.520202020202020332e-01 1.913006487012497928e+03
3.125252525252525393e-01 2.280944763860741659e+03
3.730303030303030454e-01 2.579197028403172681e+03
4.335353535353535515e-01 2.810451085995050107e+03
4.940404040404040575e-01 2.980005311663173870e+03
5.545454545454545636e-01 3.094410089130348297e+03
6.150505050505050697e-01 3.160647244517261242e+03
6.755555555555555758e-01 3.185629829338157833e+03
7.360606060606060819e-01 3.175904645493228145e+03
7.965656565656565880e-01 3.137487049724254575e+03
8.570707070707070940e-01 3.075782775770731860e+03
9.175757575757576001e-01 2.995566451243121264e+03
9.780808080808081062e-01 2.900996061779200772e+03
1.038585858585858501e+00 2.795649084525105991e+03
1.099090909090909118e+00 2.682570520634705190e+03
1.159595959595959735e+00 2.564326242747649303e+03
1.220101010101010131e+00 2.443057332191834121e+03
1.280606060606060526e+00 2.320532673806571893e+03
1.341111111111111143e+00 2.198198187153148410e+03
1.401616161616161760e+00 2.077221835970203301e+03
1.462121212121212155e+00 1.958534066893513909e+03
1.522626262626262550e+00 1.842863662692540856e+03
1.583131313131313167e+00 1.730769199398328510e+03
1.643636363636363784e+00 1.622666416321666929e+03
1.704141414141414179e+00 1.518851867200565039e+03
1.764646464646464574e+00 1.419523241098196422e+03
1.825151515151515191e+00 1.324796737038465380e+03
1.885656565656565808e+00 1.234721856605694029e+03
1.946161616161616204e+00 1.149293950592841384e+03
2.006666666666666377e+00 1.068464823769475970e+03
2.067171717171716772e+00 9.921516688925325980e+02
2.127676767676767611e+00 9.202445690324732368e+02
2.188181818181818006e+00 8.526127772141095420e+02
2.248686868686868401e+00 7.891099548669053547e+02
2.309191919191919240e+00 7.295785255913675655e+02
2.369696969696969635e+00 6.738532795767912376e+02
2.430202020202020030e+00 6.217643430972386795e+02
2.490707070707070425e+00 5.731396126951166252e+02
2.551212121212120820e+00 5.278067374843637936e+02
2.611717171717171659e+00 4.855947212488941886e+02
2.672222222222222054e+00 4.463352050024420237e+02
2.732727272727272450e+00 4.098634814803328368e+02
2.793232323232323289e+00 3.760192851621771979e+02
2.853737373737373684e+00 3.446473947211961786e+02
2.914242424242424079e+00 3.155980791057083934e+02
2.974747474747474474e+00 2.887274135531226307e+02
3.035252525252524869e+00 2.638974879722177889e+02
3.095757575757575708e+00 2.409765261791189062e+02
3.156262626262626103e+00 2.198389321245683732e+02
3.216767676767676498e+00 2.003652762855721221e+02
3.277272727272727337e+00 1.824422335269178745e+02
3.337777777777777732e+00 1.659624818904819392e+02
3.398282828282828127e+00 1.508245702741102434e+02
3.458787878787878523e+00 1.369327616904552940e+02
3.519292929292928918e+00 1.241968577216012051e+02
3.579797979797979757e+00 1.125320088771031806e+02
3.640303030303030152e+00 1.018585147911363293e+02
3.700808080808080547e+00 9.210161757899878410e+01
3.761313131313131386e+00 8.319129101713528485e+01
3.821818181818181781e+00 7.506202793709849175e+01
3.882323232323232176e+00 6.765262763713197103e+01
3.942828282828282571e+00 6.090598488633234098e+01
4.003333333333332966e+00 5.476888180688039398e+01
4.063838383838383805e+00 4.919178365938135755e+01
4.124343434343433756e+00 4.412863936666565223e+01
4.184848484848484595e+00 3.953668743851504530e+01
4.245353535353535435e+00 3.537626781471510640e+01
4.305858585858585386e+00 3.161064002103261217e+01
4.366363636363636225e+00 2.820580792849407459e+01
4.426868686868687064e+00 2.513035131722061166e+01
4.487373737373737015e+00 2.235526437614824502e+01
4.547878787878787854e+00 1.985380119182705982e+01
4.608383838383838693e+00 1.760132824988137656e+01
4.668888888888888644e+00 1.557518390401994246e+01
4.729393939393939483e+00 1.375454474281057848e+01
4.789898989898989434e+00 1.212029874823288011e+01
4.850404040404040273e+00 1.065492511340189630e+01
4.910909090909091113e+00 9.342380566564532529e+00
4.971414141414141064e+00 8.167992026696664354e+00
5.031919191919191903e+00 7.118355405558993709e+00
5.092424242424241854e+00 6.181240356430921068e+00
5.152929292929292693e+00 5.345500761788428257e+00
5.213434343434343532e+00 4.600990745265211679e+00
5.273939393939393483e+00 3.938485988382922631e+00
5.334444444444444322e+00 3.349610129937602210e+00
5.394949494949495161e+00 2.826766023815852069e+00
5.455454545454545112e+00 2.363071631814906315e+00
5.515959595959595951e+00 1.952300328657909922e+00
5.576464646464646790e+00 1.588825398859412319e+00
5.636969696969696741e+00 1.267568508236984970e+00
5.697474747474747581e+00 9.839519368499289875e-01
5.757979797979797532e+00 7.338543648320241530e-01
5.818484848484848371e+00 5.135704069174924502e-01
5.878989898989899210e+00 3.197709048384450581e-01
5.939494949494949161e+00 1.494721664379942971e-01
6.000000000000000000e+00 0.000000000000000000e+00
