1.000000000000000021e-02 1.491466088332698836e-01
7.050505050505050109e-02 1.449469687602488577e+01
1.310101010101010210e-01 3.173516966232646297e+01
1.915151515151515271e-01 4.860019498700120977e+01
2.520202020202020332e-01 6.396834264760489219e+01
3.125252525252525393e-01 7.738213414453794314e+01
3.730303030303030454e-01 8.869791477939510571e+01
4.335353535353535515e-01 9.794046362984687448e+01
4.940404040404040575e-01 1.052275788882533902e+02
5.545454545454545636e-01 1.107262625523656823e+02
6.150505050505050697e-01 1.146258011966837955e+02
6.755555555555555758e-01 1.171209085182980942e+02
7.360606060606060819e-01 1.184012678105731169e+02
7.965656565656565880e-01 1.186452943694768436e+02
8.570707070707070940e-01 1.180167208144173401e+02
9.175757575757576001e-01 1.166630671577745488e+02
9.780808080808081062e-01 1.147153490730210876e+02
1.038585858585858501e+00 1.122885740788335056e+02
1.099090909090909118e+00 1.094827122542767910e+02
1.159595959595959735e+00 1.063839254095273219e+02
1.220101010101010131e+00 1.030659082836789793e+02
1.280606060606060526e+00 9.959124512041857713e+01
1.341111111111111143e+00 9.601272029529248186e+01
1.401616161616161760e+00 9.237454641684435330e+01
1.462121212121212155e+00 8.871349045391211519e+01
1.522626262626262550e+00 8.505988985352254872e+01
1.583131313131313167e+00 8.143855828588321799e+01
1.643636363636363784e+00 7.786958527136829389e+01
1.704141414141414179e+00 7.436903676216034853e+01
1.764646464646464574e+00 7.094956516036833705e+01
1.825151515151515191e+00 6.762093778605630234e+01
1.885656565656565808e+00 6.439049276017099999e+01
1.946161616161616204e+00 6.126353086250106372e+01
2.006666666666666377e+00 5.824365131647130056e+01
2.067171717171716772e+00 5.533303874431375391e+01
2.127676767676767611e+00 5.253270779609692909e+01
2.188181818181818006e+00 4.984271122788307906e+01
2.248686868686868401e+00 4.726231651401077727e+01
2.309191919191919240e+00 4.479015544091271295e+01
2.369696969696969635e+00 4.242435055151340606e+01
2.430202020202020030e+00 4.016262179175910063e+01
2.490707070707070425e+00 3.800237625275205744e+01
2.551212121212120820e+00 3.594078349789936766e+01
2.611717171717171659e+00 3.397483861816740358e+01
2.672222222222222054e+00 3.210141484297260916e+01
2.732727272727272450e+00 3.031730728297786470e+01
2.793232323232323289e+00 2.861926914299446523e+01
2.853737373737373684e+00 2.700404155240478943e+01
2.914242424242424079e+00 2.546837799086536336e+01
2.974747474747474474e+00 2.400906414310107806e+01
3.035252525252524869e+00 2.262293389323844650e+01
3.095757575757575708e+00 2.130688206368525073e+01
3.156262626262626103e+00 2.005787441345857403e+01
3.216767676767676498e+00 1.887295533398694403e+01
3.277272727272727337e+00 1.774925361541767899e+01
3.337777777777777732e+00 1.668398659623301228e+01
3.398282828282828127e+00 1.567446297287661494e+01
3.458787878787878523e+00 1.471808449129485119e+01
3.519292929292928918e+00 1.381234670944132148e+01
3.579797979797979757e+00 1.295483900790720533e+01
3.640303030303030152e+00 1.214324397598209160e+01
3.700808080808080547e+00 1.137533629518162037e+01
3.761313131313131386e+00 1.064898121860283986e+01
3.821818181818181781e+00 9.962132729707569467e+00
3.882323232323232176e+00 9.312831450910056930e+00
3.942828282828282571e+00 8.699202361095705882e+00
4.003333333333332966e+00 8.119452371634810817e+00
4.063838383838383805e+00 7.571867802313168028e+00
4.124343434343433756e+00 7.054811791687169986e+00
4.184848484848484595e+00 6.566721670505546449e+00
4.245353535353535435e+00 6.106106321935283354e+00
4.305858585858585386e+00 5.671543547591955559e+00
4.366363636363636225e+00 5.261677455620579202e+00
4.426868686868687064e+00 4.875215885029612117e+00
4.487373737373737015e+00 4.510927872054374177e+00
4.547878787878787854e+00 4.167641172422773543e+00
4.608383838383838693e+00 3.844239841816756709e+00
4.668888888888888644e+00 3.539661880732587917e+00
4.729393939393939483e+00 3.252896946993132588e+00
4.789898989898989434e+00 2.982984138316562284e+00
4.850404040404040273e+00 2.729009846459543365e+00
4.910909090909091113e+00 2.490105683716220764e+00
4.971414141414141064e+00 2.265446481947287705e+00
5.031919191919191903e+00 2.054248363818580003e+00
5.092424242424241854e+00 1.855766885525383270e+00
5.152929292929292693e+00 1.669295249953053784e+00
5.213434343434343532e+00 1.494162588967761218e+00
5.273939393939393483e+00 1.329732313189876614e+00
5.334444444444444322e+00 1.175400528449772830e+00
5.394949494949495161e+00 1.030594514924797478e+00
5.455454545454545112e+00 8.947712701424301862e-01
5.515959595959595951e+00 7.674161115977923275e-01
5.576464646464646790e+00 6.480413379903915416e-01
5.636969696969696741e+00 5.361849469601656093e-01
5.697474747474747581e+00 4.314094073192399903e-01
5.757979797979797532e+00 3.333004840964581827e-01
5.818484848484848371e+00 2.414661138601752743e-01
5.878989898989899210e+00 1.555353292078568428e-01
5.939494949494949161e+00 7.515723003815777403e-02
6.000000000000000000e+00 0.000000000000000000e+00
