1.000000000000000021e-02 -8.760156600473570920e-01
7.102040816326531114e-02 6.830988186988787847e-01
1.320408163265306134e-01 2.536363707603771278e+00
1.930612244897959295e-01 4.320635519272178371e+00
2.540816326530612179e-01 5.915945917895163220e+00
3.151020408163265341e-01 7.277533914749583666e+00
3.761224489795918502e-01 8.395248844150943413e+00
4.371428571428571663e-01 9.276722517641291077e+00
4.981632653061224825e-01 9.938844535471577757e+00
5.591836734693877986e-01 1.040299186867462211e+01
6.202040816326530592e-01 1.069222492379573808e+01
6.812244897959184309e-01 1.082961211464702345e+01
7.422448979591836915e-01 1.083724035469539082e+01
8.032653061224490632e-01 1.073565712057006039e+01
8.642857142857143238e-01 1.054358885503152798e+01
9.253061224489796954e-01 1.027783689648392418e+01
9.863265306122449561e-01 9.953286236622790994e+00
1.047346938775510328e+00 9.582984011421180170e+00
1.108367346938775588e+00 9.178258790011891932e+00
1.169387755102040849e+00 8.748861236671926278e+00
1.230408163265306110e+00 8.303113214687998678e+00
1.291428571428571592e+00 7.848056877181940116e+00
1.352448979591836853e+00 7.389598386965428922e+00
1.413469387755102114e+00 6.932643048720199985e+00
1.474489795918367374e+00 6.481220103138685573e+00
1.535510204081632635e+00 6.038596431114386931e+00
1.596530612244898117e+00 5.607379074925749052e+00
1.657551020408163378e+00 5.189606910332277501e+00
1.718571428571428639e+00 4.786832063908935453e+00
1.779591836734693899e+00 4.400191816186119986e+00
1.840612244897959382e+00 4.030471798938811467e+00
1.901632653061224643e+00 3.678161310144201668e+00
1.962653061224489903e+00 3.343501551066698330e+00
2.023673469387754942e+00 3.026527549586371268e+00
2.084693877551020424e+00 2.727104481326684038e+00
2.145714285714285463e+00 2.444959041584402470e+00
2.206734693877550946e+00 2.179706460739102791e+00
2.267755102040816428e+00 1.930873696521620220e+00
2.328775510204081467e+00 1.697919279522167590e+00
2.389795918367346950e+00 1.480250236749214965e+00
2.450816326530611988e+00 1.277236466779149371e+00
2.511836734693877471e+00 1.088222899138017175e+00
2.572857142857142954e+00 9.125397281129387084e-01
2.633877551020407992e+00 7.495109769161255597e-01
2.694897959183673475e+00 5.984616160983601274e-01
2.755918367346938513e+00 4.587234321345317056e-01
2.816938775510203996e+00 3.296398173908905438e-01
2.877959183673469479e+00 2.105696309335691463e-01
2.938979591836734517e+00 1.008902606295365434e-01
3.000000000000000000e+00 0.000000000000000000e+00
