1.000000000000000021e-02 7.728519687922188464e-01
7.050505050505050109e-02 2.140590690822655517e+01
1.310101010101010210e-01 4.378476930801832623e+01
1.915151515151515271e-01 6.372342700164401919e+01
2.520202020202020332e-01 8.043949210168040054e+01
3.125252525252525393e-01 9.397786619092849492e+01
3.730303030303030454e-01 1.046442784733105640e+02
4.335353535353535515e-01 1.128124623623031368e+02
4.940404040404040575e-01 1.188506901784472092e+02
5.545454545454545636e-01 1.230943340865306368e+02
6.150505050505050697e-01 1.258376870303789303e+02
6.755555555555555758e-01 1.273339936570643118e+02
7.360606060606060819e-01 1.277988122263446797e+02
7.965656565656565880e-01 1.274144874429173058e+02
8.570707070707070940e-01 1.263347283739924052e+02
9.175757575757576001e-01 1.246888589823489610e+02
9.780808080808081062e-01 1.225855829064912399e+02
1.038585858585858501e+00 1.201162335972936432e+02
1.099090909090909118e+00 1.173575391755227457e+02
1.159595959595959735e+00 1.143739544005475750e+02
1.220101010101010131e+00 1.112196179664115192e+02
1.280606060606060526e+00 1.079399911689230578e+02
1.341111111111111143e+00 1.045732284182016798e+02
1.401616161616161760e+00 1.011513234737011828e+02
1.462121212121212155e+00 9.770106875229167542e+01
1.522626262626262550e+00 9.424485908946041945e+01
1.583131313131313167e+00 9.080136617915260899e+01
1.643636363636363784e+00 8.738610536614855562e+01
1.704141414141414179e+00 8.401191286456474927e+01
1.764646464646464574e+00 8.068934825873601824e+01
1.825151515151515191e+00 7.742703462250585744e+01
1.885656565656565808e+00 7.423194645400377567e+01
1.946161616161616204e+00 7.110965387623284073e+01
2.006666666666666377e+00 6.806453011576431322e+01
2.067171717171716772e+00 6.509992807855844887e+01
2.127676767676767611e+00 6.221833089699822494e+01
2.188181818181818006e+00 5.942148045619339314e+01
2.248686868686868401e+00 5.671048731998829595e+01
2.309191919191919240e+00 5.408592486602885430e+01
2.369696969696969635e+00 5.154791001442876563e+01
2.430202020202020030e+00 4.909617254761568006e+01
2.490707070707070425e+00 4.673011470531756828e+01
2.551212121212120820e+00 4.444886247632030063e+01
2.611717171717171659e+00 4.225130978945108495e+01
2.672222222222222054e+00 4.013615662275682894e+01
2.732727272727272450e+00 3.810194189592560576e+01
2.793232323232323289e+00 3.614707188163548324e+01
2.853737373737373684e+00 3.426984476251982414e+01
2.914242424242424079e+00 3.246847186848800959e+01
2.974747474747474474e+00 3.074109605136764145e+01
3.035252525252524869e+00 2.908580758796613708e+01
3.095757575757575708e+00 2.750065794672776320e+01
3.156262626262626103e+00 2.598367170563990314e+01
3.216767676767676498e+00 2.453285686854375314e+01
3.277272727272727337e+00 2.314621379248144351e+01
3.337777777777777732e+00 2.182174290919038029e+01
3.398282828282828127e+00 2.055745139953885570e+01
3.458787878787878523e+00 1.935135895066302325e+01
3.519292929292928918e+00 1.820150273284258446e+01
3.579797979797979757e+00 1.710594166552280626e+01
3.640303030303030152e+00 1.606276009274625594e+01
3.700808080808080547e+00 1.507007092478441379e+01
3.761313131313131386e+00 1.412601831838757249e+01
3.821818181818181781e+00 1.322877995191189449e+01
3.882323232323232176e+00 1.237656894491004245e+01
3.942828282828282571e+00 1.156763546521099428e+01
4.003333333333332966e+00 1.080026806085590252e+01
4.063838383838383805e+00 1.007279474933852548e+01
4.124343434343433756e+00 9.383583892375369828e+00
4.184848484848484595e+00 8.731044880818558340e+00
4.245353535353535435e+00 8.113628650874058934e+00
4.305858585858585386e+00 7.529828049773198195e+00
4.366363636363636225e+00 6.978178070586820603e+00
4.426868686868687064e+00 6.457255963017870748e+00
4.487373737373737015e+00 5.965681240973617960e+00
4.547878787878787854e+00 5.502115592415826484e+00
4.608383838383838693e+00 5.065262702985827481e+00
4.668888888888888644e+00 4.653868001584299030e+00
4.729393939393939483e+00 4.266718335402551077e+00
4.789898989898989434e+00 3.902641581060592557e+00
4.850404040404040273e+00 3.560506197796510008e+00
4.910909090909091113e+00 3.239220728041467989e+00
4.971414141414141064e+00 2.937733250189288103e+00
5.031919191919191903e+00 2.655030787930921399e+00
5.092424242424241854e+00 2.390138679951227640e+00
5.152929292929292693e+00 2.142119914857181229e+00
5.213434343434343532e+00 1.910074431607410750e+00
5.273939393939393483e+00 1.693138392939454340e+00
5.334444444444444322e+00 1.490483431411941062e+00
5.394949494949495161e+00 1.301315872180120792e+00
5.455454545454545112e+00 1.124875935259006088e+00
5.515959595959595951e+00 9.604369190623783803e-01
5.576464646464646790e+00 8.073043685344424292e-01
5.636969696969696741e+00 6.648152296419224117e-01
5.697474747474747581e+00 5.323369926608894076e-01
5.757979797979797532e+00 4.092668264102444775e-01
5.818484848484848371e+00 2.950307055346300111e-01
5.878989898989899210e+00 1.890825328727500088e-01
5.939494949494949161e+00 9.090325887929899540e-02
6.000000000000000000e+00 0.000000000000000000e+00
