1.000000000000000021e-02 -8.651965882824584897e-01
7.102040816326531114e-02 9.027997304067727491e-01
1.320408163265306134e-01 3.129192362117322546e+00
1.930612244897959295e-01 5.378471470338197058e+00
2.540816326530612179e-01 7.467896467180437092e+00
3.151020408163265341e-01 9.304017495869480570e+00
3.761224489795918502e-01 1.084324927723336529e+01
4.371428571428571663e-01 1.207349737201594841e+01
4.981632653061224825e-01 1.300294981836289665e+01
5.591836734693877986e-01 1.365240422503448059e+01
6.202040816326530592e-01 1.404982296817212095e+01
6.812244897959184309e-01 1.422648614460663019e+01
7.422448979591836915e-01 1.421434570241198436e+01
8.032653061224490632e-01 1.404428567813826589e+01
8.642857142857143238e-01 1.374505432161440766e+01
9.253061224489796954e-01 1.334268110237983684e+01
9.863265306122449561e-01 1.286023205021761484e+01
1.047346938775510328e+00 1.231779163896423945e+01
1.108367346938775588e+00 1.173258838940385118e+01
1.169387755102040849e+00 1.111920464110385787e+01
1.230408163265306110e+00 1.048982900539612118e+01
1.291428571428571592e+00 9.854523596009643782e+00
1.352448979591836853e+00 9.221490676198236258e+00
1.413469387755102114e+00 8.597309551668965710e+00
1.474489795918367374e+00 7.987192481763713658e+00
1.535510204081632635e+00 7.395165579864934280e+00
1.596530612244898117e+00 6.824265418610022671e+00
1.657551020408163378e+00 6.276697292159278518e+00
1.718571428571428639e+00 5.753974893820092085e+00
1.779591836734693899e+00 5.257040686074370583e+00
1.840612244897959382e+00 4.786368991986621246e+00
1.901632653061224643e+00 4.342053826601964595e+00
1.962653061224489903e+00 3.923883385296883741e+00
2.023673469387754942e+00 3.531402954947380657e+00
2.084693877551020424e+00 3.163967840580153901e+00
2.145714285714285463e+00 2.820787722289860078e+00
2.206734693877550946e+00 2.500963684417542243e+00
2.267755102040816428e+00 2.203519000501994451e+00
2.328775510204081467e+00 1.927424607537378431e+00
2.389795918367346950e+00 1.671620077881396327e+00
2.450816326530611988e+00 1.435030778265579787e+00
2.511836734693877471e+00 1.216581807180415531e+00
2.572857142857142954e+00 1.015209214496680445e+00
2.633877551020407992e+00 8.298689324549571866e-01
2.694897959183673475e+00 6.595437829635499849e-01
2.755918367346938513e+00 5.032488714379532713e-01
2.816938775510203996e+00 3.600356300386795549e-01
2.877959183673469479e+00 2.289947343986375450e-01
2.938979591836734517e+00 1.092580830559818222e-01
3.000000000000000000e+00 0.000000000000000000e+00
