1.000000000000000021e-02 -8.524687426611934349e-01
7.102040816326531114e-02 8.496291905273355427e-01
1.320408163265306134e-01 2.649500540380933966e+00
1.930612244897959295e-01 4.210150622343857840e+00
2.540816326530612179e-01 5.478425091380996648e+00
3.151020408163265341e-01 6.467396416098478262e+00
3.761224489795918502e-01 7.209445732221150038e+00
4.371428571428571663e-01 7.740739160115025719e+00
4.981632653061224825e-01 8.095581959216888279e+00
5.591836734693877986e-01 8.304500245076415155e+00
6.202040816326530592e-01 8.393833668554334437e+00
6.812244897959184309e-01 8.385939612198193061e+00
7.422448979591836915e-01 8.299621069308408039e+00
8.032653061224490632e-01 8.150607700754861185e+00
8.642857142857143238e-01 7.952016973682842327e+00
9.253061224489796954e-01 7.714767138612615760e+00
9.863265306122449561e-01 7.447934480310149041e+00
1.047346938775510328e+00 7.159056504476938976e+00
1.108367346938775588e+00 6.854386454936665096e+00
1.169387755102040849e+00 6.539105670417357352e+00
1.230408163265306110e+00 6.217500199240263647e+00
1.291428571428571592e+00 5.893107492131461456e+00
1.352448979591836853e+00 5.568838229074953183e+00
1.413469387755102114e+00 5.247077566861194420e+00
1.474489795918367374e+00 4.929769388860854917e+00
1.535510204081632635e+00 4.618486527364364491e+00
1.596530612244898117e+00 4.314489401374165922e+00
1.657551020408163378e+00 4.018775085152509696e+00
1.718571428571428639e+00 3.732118456900289427e+00
1.779591836734693899e+00 3.455106784386433372e+00
1.840612244897959382e+00 3.188168861403994470e+00
1.901632653061224643e+00 2.931599611163227426e+00
1.962653061224489903e+00 2.685580911061824505e+00
2.023673469387754942e+00 2.450199261141068785e+00
2.084693877551020424e+00 2.225460810440464510e+00
2.145714285714285463e+00 2.011304166918446601e+00
2.206734693877550946e+00 1.807611343951854632e+00
2.267755102040816428e+00 1.614217136703958611e+00
2.328775510204081467e+00 1.430917172461521947e+00
2.389795918367346950e+00 1.257474838534279993e+00
2.450816326530611988e+00 1.093627257041837053e+00
2.511836734693877471e+00 9.390904505405764935e-01
2.572857142857142954e+00 7.935638144663977878e-01
2.633877551020407992e+00 6.567339992711370700e-01
2.694897959183673475e+00 5.282782842483613184e-01
2.755918367346938513e+00 4.078675141391616132e-01
2.816938775510203996e+00 2.951686577647541498e-01
2.877959183673469479e+00 1.898470386968940105e-01
2.938979591836734517e+00 9.156828017861240454e-02
3.000000000000000000e+00 0.000000000000000000e+00
