1.000000000000000021e-02 -2.410789915261556116e-01
7.050505050505050109e-02 8.266910745049617759e+00
1.310101010101010210e-01 1.693096469362174616e+01
1.915151515151515271e-01 2.413119962013908548e+01
2.520202020202020332e-01 2.971781199896166470e+01
3.125252525252525393e-01 3.385480488342955852e+01
3.730303030303030454e-01 3.677589819002933780e+01
4.335353535353535515e-01 3.870973562557450265e+01
4.940404040404040575e-01 3.985691203345711386e+01
5.545454545454545636e-01 4.038536914937257194e+01
6.150505050505050697e-01 4.043241506637155425e+01
6.755555555555555758e-01 4.010883945229692671e+01
7.360606060606060819e-01 3.950333420482717628e+01
7.965656565656565880e-01 3.868654391162025519e+01
8.570707070707070940e-01 3.771453757568172449e+01
9.175757575757576001e-01 3.663168627116715470e+01
9.780808080808081062e-01 3.547300525308097718e+01
1.038585858585858501e+00 3.426604075188164700e+01
1.099090909090909118e+00 3.303238134209711063e+01
1.159595959595959735e+00 3.178886501412559440e+01
1.220101010101010131e+00 3.054854200292758648e+01
1.280606060606060526e+00 2.932144264439715542e+01
1.341111111111111143e+00 2.811519002641490061e+01
1.401616161616161760e+00 2.693548922666748879e+01
1.462121212121212155e+00 2.578651841670352596e+01
1.522626262626262550e+00 2.467124187687727144e+01
1.583131313131313167e+00 2.359166079837953944e+01
1.643636363636363784e+00 2.254901444716576009e+01
1.704141414141414179e+00 2.154394165743282841e+01
1.764646464646464574e+00 2.057661056584129611e+01
1.825151515151515191e+00 1.964682287568943408e+01
1.885656565656565808e+00 1.875409766000533551e+01
1.946161616161616204e+00 1.789773870075234896e+01
2.006666666666666377e+00 1.707688856042083714e+01
2.067171717171716772e+00 1.629057194708778766e+01
2.127676767676767611e+00 1.553773042922023784e+01
2.188181818181818006e+00 1.481725015446845184e+01
2.248686868686868401e+00 1.412798390580519303e+01
2.309191919191919240e+00 1.346876857167487529e+01
2.369696969696969635e+00 1.283843890103210406e+01
2.430202020202020030e+00 1.223583824881480275e+01
2.490707070707070425e+00 1.165982688428602643e+01
2.551212121212120820e+00 1.110928832747532802e+01
2.611717171717171659e+00 1.058313409066088973e+01
2.672222222222222054e+00 1.008030713671695011e+01
2.732727272727272450e+00 9.599784298751107059e+00
2.793232323232323289e+00 9.140577872058138098e+00
2.853737373737373684e+00 8.701736541331490216e+00
2.914242424242424079e+00 8.282345780500076415e+00
2.974747474747474474e+00 7.881527835978051399e+00
3.035252525252524869e+00 7.498441383792679993e+00
3.095757575757575708e+00 7.132280934272326789e+00
3.156262626262626103e+00 6.782276044239837098e+00
3.216767676767676498e+00 6.447690385398850310e+00
3.277272727272727337e+00 6.127820708368239444e+00
3.337777777777777732e+00 5.821995734251226295e+00
3.398282828282828127e+00 5.529574999411325464e+00
3.458787878787878523e+00 5.249947674034268985e+00
3.519292929292928918e+00 4.982531370913629409e+00
3.579797979797979757e+00 4.726770957138741736e+00
3.640303030303030152e+00 4.482137379730859017e+00
3.700808080808080547e+00 4.248126511625623714e+00
3.761313131313131386e+00 4.024258025464067856e+00
3.821818181818181781e+00 3.810074298773905799e+00
3.882323232323232176e+00 3.605139354054414991e+00
3.942828282828282571e+00 3.409037835935082139e+00
4.003333333333332966e+00 3.221374026807159563e+00
4.063838383838383805e+00 3.041770901673058969e+00
4.124343434343433756e+00 2.869869222437968048e+00
4.184848484848484595e+00 2.705326671454975074e+00
4.245353535353535435e+00 2.547817023811167925e+00
4.305858585858585386e+00 2.397029357592812548e+00
4.366363636363636225e+00 2.252667301176194403e+00
4.426868686868687064e+00 2.114448316451353005e+00
4.487373737373737015e+00 1.982103016783026250e+00
4.547878787878787854e+00 1.855374518446209153e+00
4.608383838383838693e+00 1.734017824230273286e+00
4.668888888888888644e+00 1.617799237884828267e+00
4.729393939393939483e+00 1.506495808173888173e+00
4.789898989898989434e+00 1.399894800536135353e+00
4.850404040404040273e+00 1.297793197088044748e+00
4.910909090909091113e+00 1.199997220297384537e+00
4.971414141414141064e+00 1.106321882483635610e+00
5.031919191919191903e+00 1.016590557904431424e+00
5.092424242424241854e+00 9.306345769461917827e-01
5.152929292929292693e+00 8.482928412046708555e-01
5.213434343434343532e+00 7.694114583829757548e-01
5.273939393939393483e+00 6.938433959801773021e-01
5.334444444444444322e+00 6.214481527891656532e-01
5.394949494949495161e+00 5.520914472679737672e-01
5.455454545454545112e+00 4.856449218926854328e-01
5.515959595959595951e+00 4.219858626440559091e-01
5.576464646464646790e+00 3.609969328216255935e-01
5.636969696969696741e+00 3.025659204208007713e-01
5.697474747474747581e+00 2.465854983468367123e-01
5.757979797979797532e+00 1.929529967784265332e-01
5.818484848484848371e+00 1.415701870292346842e-01
5.878989898989899210e+00 9.234307629111444815e-02
5.939494949494949161e+00 4.518171267530463053e-02
6.000000000000000000e+00 0.000000000000000000e+00
