1.000000000000000021e-02 2.366416463404916504e+12
7.050505050505050109e-02 2.942261010294997266e+13
1.310101010101010210e-01 5.826218471796767188e+13
1.915151515151515271e-01 8.304298375567056250e+13
2.520202020202020332e-01 1.024180552437268594e+14
3.125252525252525393e-01 1.163132731249175000e+14
3.730303030303030454e-01 1.251704802571769062e+14
4.335353535353535515e-01 1.296444400227896875e+14
4.940404040404040575e-01 1.304562016478429062e+14
5.545454545454545636e-01 1.283164413419417656e+14
6.150505050505050697e-01 1.238850769123557031e+14
6.755555555555555758e-01 1.177513756140342500e+14
7.360606060606060819e-01 1.104261773125967656e+14
7.965656565656565880e-01 1.023413811150442344e+14
8.570707070707070940e-01 9.385372004165340625e+13
9.175757575757576001e-01 8.525093578342623438e+13
9.780808080808081062e-01 7.675913717314259375e+13
1.038585858585858501e+00 6.855055902660324219e+13
1.099090909090909118e+00 6.075122485410769531e+13
1.159595959595959735e+00 5.344820951897130469e+13
1.220101010101010131e+00 4.669632773070335156e+13
1.280606060606060526e+00 4.052416104545409375e+13
1.341111111111111143e+00 3.493939372173657422e+13
1.401616161616161760e+00 2.993346483041004297e+13
1.462121212121212155e+00 2.548556734560046094e+13
1.522626262626262550e+00 2.156603871788628125e+13
1.583131313131313167e+00 1.813919475415499219e+13
1.643636363636363784e+00 1.516566182734122070e+13
1.704141414141414179e+00 1.260426274325580273e+13
1.764646464646464574e+00 1.041351021065916211e+13
1.825151515151515191e+00 8.552759311389448242e+12
1.885656565656565808e+00 6.983067210698027344e+12
1.946161616161616204e+00 5.667804727143717773e+12
2.006666666666666377e+00 4.573060626743936523e+12
2.067171717171716772e+00 3.667875633282716797e+12
2.127676767676767611e+00 2.924339287100907227e+12
2.188181818181818006e+00 2.317578987086755859e+12
2.248686868686868401e+00 1.825666866962377930e+12
2.309191919191919240e+00 1.429466622820644287e+12
2.369696969696969635e+00 1.112439064924615234e+12
2.430202020202020030e+00 8.604220424066441650e+11
2.490707070707070425e+00 6.613975110873481445e+11
2.551212121212120820e+00 5.052559028937270508e+11
2.611717171717171659e+00 3.835656242023649902e+11
2.672222222222222054e+00 2.893534666567228394e+11
2.732727272727272450e+00 2.168999571422983398e+11
2.793232323232323289e+00 1.615521961902084351e+11
2.853737373737373684e+00 1.195555223831995087e+11
2.914242424242424079e+00 8.790437533164465332e+10
2.974747474747474474e+00 6.421198836400858307e+10
3.035252525252524869e+00 4.659799837360113525e+10
3.095757575757575708e+00 3.359268695997880936e+10
3.156262626262626103e+00 2.405633655696601868e+10
3.216767676767676498e+00 1.711207094563141632e+10
3.277272727272727337e+00 1.209052641827032089e+10
3.337777777777777732e+00 8.484745250922131538e+09
3.398282828282828127e+00 5.913777198117529869e+09
3.458787878787878523e+00 4.093600573030004978e+09
3.519292929292928918e+00 2.814118799397466660e+09
3.579797979797979757e+00 1.921134869374753952e+09
3.640303030303030152e+00 1.302370164016455412e+09
3.700808080808080547e+00 8.767077473266421556e+08
3.761313131313131386e+00 5.860059414789423943e+08
3.821818181818181781e+00 3.889190049215105772e+08
3.882323232323232176e+00 2.562770601552802026e+08
3.942828282828282571e+00 1.676630717795979977e+08
4.003333333333332966e+00 1.088995703184891939e+08
4.063838383838383805e+00 7.021989365602847934e+07
4.124343434343433756e+00 4.494939592858971655e+07
4.184848484848484595e+00 2.856287532476180792e+07
4.245353535353535435e+00 1.801686747846011445e+07
4.305858585858585386e+00 1.128083122025634721e+07
4.366363636363636225e+00 7.010883880956335925e+06
4.426868686868687064e+00 4.324739284974164329e+06
4.487373737373737015e+00 2.647819825003544800e+06
4.547878787878787854e+00 1.608956658661341062e+06
4.608383838383838693e+00 9.703177311419582693e+05
4.668888888888888644e+00 5.807427321874937043e+05
4.729393939393939483e+00 3.449375384471152211e+05
4.789898989898989434e+00 2.033156502831747639e+05
4.850404040404040273e+00 1.189218721799349005e+05
4.910909090909091113e+00 6.902400268175637757e+04
4.971414141414141064e+00 3.975325851496840914e+04
5.031919191919191903e+00 2.271777167790283784e+04
5.092424242424241854e+00 1.288143546136783334e+04
5.152929292929292693e+00 7.246883563188903281e+03
5.213434343434343532e+00 4.044879045779206081e+03
5.273939393939393483e+00 2.239740534747893435e+03
5.334444444444444322e+00 1.230220806505415339e+03
5.394949494949495161e+00 6.701736662111019314e+02
5.455454545454545112e+00 3.619756702125280867e+02
5.515959595959595951e+00 1.937390263171458855e+02
5.576464646464646790e+00 1.026455675424710137e+02
5.636969696969696741e+00 5.372178890009389107e+01
5.697474747474747581e+00 2.765968154134879242e+01
5.757979797979797532e+00 1.388928418341411408e+01
5.818484848484848371e+00 6.672867125381420017e+00
5.878989898989899210e+00 2.922049746508203594e+00
5.939494949494949161e+00 9.885219471229393928e-01
6.000000000000000000e+00 0.000000000000000000e+00
