1.000000000000000021e-02 -9.527673946072864331e-01
7.050505050505050109e-02 -3.692450802571083379e-01
1.310101010101010210e-01 3.217943117766084993e-01
1.915151515151515271e-01 9.892566566645505377e-01
2.520202020202020332e-01 1.591121089610225026e+00
3.125252525252525393e-01 2.112005357861544752e+00
3.730303030303030454e-01 2.548498934402486871e+00
4.335353535353535515e-01 2.903233961528881135e+00
4.940404040404040575e-01 3.181939050082418508e+00
5.545454545454545636e-01 3.391814150371820880e+00
6.150505050505050697e-01 3.540586420924000777e+00
6.755555555555555758e-01 3.635952546400983199e+00
7.360606060606060819e-01 3.685254116631394350e+00
7.965656565656565880e-01 3.695298708789260367e+00
8.570707070707070940e-01 3.672273608214086771e+00
9.175757575757576001e-01 3.621718461744756645e+00
9.780808080808081062e-01 3.548534828715049549e+00
1.038585858585858501e+00 3.457017993894907715e+00
1.099090909090909118e+00 3.350901270934797171e+00
1.159595959595959735e+00 3.233406301656320370e+00
1.220101010101010131e+00 3.107295096205396234e+00
1.280606060606060526e+00 2.974921099805526215e+00
1.341111111111111143e+00 2.838277631409867219e+00
1.401616161616161760e+00 2.699042763525784316e+00
1.462121212121212155e+00 2.558620200883759299e+00
1.522626262626262550e+00 2.418176038434191266e+00
1.583131313131313167e+00 2.278671485953366105e+00
1.643636363636363784e+00 2.140891772621936084e+00
1.704141414141414179e+00 2.005471515506350499e+00
1.764646464646464574e+00 1.872916868870009521e+00
1.825151515151515191e+00 1.743624779394318036e+00
1.885656565656565808e+00 1.617899664694376849e+00
1.946161616161616204e+00 1.495967814884046287e+00
2.006666666666666377e+00 1.377989795170651011e+00
2.067171717171716772e+00 1.264071100457419883e+00
2.127676767676767611e+00 1.154271289590264038e+00
2.188181818181818006e+00 1.048611800051092668e+00
2.248686868686868401e+00 9.470826212793591603e-01
2.309191919191919240e+00 8.496479828134457790e-01
2.369696969696969635e+00 7.562511937530393968e-01
2.430202020202020030e+00 6.668187523521010851e-01
2.490707070707070425e+00 5.812638288294047495e-01
2.551212121212120820e+00 4.994892106227538098e-01
2.611717171717171659e+00 4.213897870621482467e-01
2.672222222222222054e+00 3.468546401052199912e-01
2.732727272727272450e+00 2.757687979524690580e-01
2.793232323232323289e+00 2.080147010764349103e-01
2.853737373737373684e+00 1.434734226799402879e-01
2.914242424242424079e+00 8.202567990518948304e-02
2.974747474747474474e+00 2.355266687099565048e-02
3.035252525252524869e+00 -3.206326381586831198e-02
3.095757575757575708e+00 -8.493804825021737670e-02
3.156262626262626103e+00 -1.351854675754712021e-01
3.216767676767676498e+00 -1.829167967638911929e-01
3.277272727272727337e+00 -2.282405315239662280e-01
3.337777777777777732e+00 -2.712621811037314590e-01
3.398282828282828127e+00 -3.120841165376226911e-01
3.458787878787878523e+00 -3.508054654098595737e-01
3.519292929292928918e+00 -3.875220455141076825e-01
3.579797979797979757e+00 -4.223263309093027718e-01
3.640303030303030152e+00 -4.553074448312210420e-01
3.700808080808080547e+00 -4.865511747412162857e-01
3.761313131313131386e+00 -5.161400054977042240e-01
3.821818181818181781e+00 -5.441531672389231522e-01
3.882323232323232176e+00 -5.706666950816442485e-01
3.942828282828282571e+00 -5.957534981824493814e-01
4.003333333333332966e+00 -6.194834360863196165e-01
4.063838383838383805e+00 -6.419234006109034718e-01
4.124343434343433756e+00 -6.631374017913568286e-01
4.184848484848484595e+00 -6.831866566473255853e-01
4.245353535353535435e+00 -7.021296797355586206e-01
4.305858585858585386e+00 -7.200223746208259668e-01
4.366363636363636225e+00 -7.369181255640074868e-01
4.426868686868687064e+00 -7.528678888230325716e-01
4.487373737373737015e+00 -7.679202830249027834e-01
4.547878787878787854e+00 -7.821216783912026127e-01
4.608383838383838693e+00 -7.955162842763723319e-01
4.668888888888888644e+00 -8.081462349216974594e-01
4.729393939393939483e+00 -8.200516731734287523e-01
4.789898989898989434e+00 -8.312708320247298444e-01
4.850404040404040273e+00 -8.418401138719328047e-01
4.910909090909091113e+00 -8.517941674087257109e-01
4.971414141414141064e+00 -8.611659621095091310e-01
5.031919191919191903e+00 -8.699868602763262126e-01
5.092424242424241854e+00 -8.782866866427603281e-01
5.152929292929292693e+00 -8.860937955440529867e-01
5.213434343434343532e+00 -8.934351356755819706e-01
5.273939393939393483e+00 -9.003363124722780775e-01
5.334444444444444322e+00 -9.068216481499971060e-01
5.394949494949495161e+00 -9.129142394565141760e-01
5.455454545454545112e+00 -9.186360131883777314e-01
5.515959595959595951e+00 -9.240077795085046564e-01
5.576464646464646790e+00 -9.290492831810313046e-01
5.636969696969696741e+00 -9.337792527106960616e-01
5.697474747474747581e+00 -9.382154474931529986e-01
5.757979797979797532e+00 -9.423747030443847539e-01
5.818484848484848371e+00 -9.462729743507923841e-01
5.878989898989899210e+00 -9.499253774152296437e-01
5.939494949494949161e+00 -9.533462290595815514e-01
6.000000000000000000e+00 -9.565490850457006866e-01
