1.000000000000000021e-02 2.989783727919473577e+01
7.050505050505050109e-02 4.047248931539025421e+02
1.310101010101010210e-01 8.383890161109118253e+02
1.915151515151515271e-01 1.247253117202398016e+03
2.520202020202020332e-01 1.606036184070960871e+03
3.125252525252525393e-01 1.906692648316878831e+03
3.730303030303030454e-01 2.148761560402394480e+03
4.335353535353535515e-01 2.335478199198253151e+03
4.940404040404040575e-01 2.471855633004357969e+03
5.545454545454545636e-01 2.563639689365584672e+03
6.150505050505050697e-01 2.616713972887115233e+03
6.755555555555555758e-01 2.636759488574722582e+03
7.360606060606060819e-01 2.629066767455516128e+03
7.965656565656565880e-01 2.598442221855191292e+03
8.570707070707070940e-01 2.549173335553663037e+03
9.175757575757576001e-01 2.485030275514478944e+03
9.780808080808081062e-01 2.409289371595355078e+03
1.038585858585858501e+00 2.324768904435937657e+03
1.099090909090909118e+00 2.233870922970055744e+03
1.159595959595959735e+00 2.138625015269011328e+03
1.220101010101010131e+00 2.040731450961642622e+03
1.280606060606060526e+00 1.941602130443832266e+03
1.341111111111111143e+00 1.842398464843858164e+03
1.401616161616161760e+00 1.744065771624123727e+03
1.462121212121212155e+00 1.647364072908249454e+03
1.522626262626262550e+00 1.552895375494046675e+03
1.583131313131313167e+00 1.461127627196148751e+03
1.643636363636363784e+00 1.372415607835652281e+03
1.704141414141414179e+00 1.287019041971366050e+03
1.764646464646464574e+00 1.205118226413641196e+03
1.825151515151515191e+00 1.126827456999372089e+03
1.885656565656565808e+00 1.052206522348055387e+03
1.946161616161616204e+00 9.812705100590230813e+02
2.006666666666666377e+00 9.139981479458056128e+02
2.067171717171716772e+00 8.503388784759157488e+02
2.127676767676767611e+00 7.902188419100107240e+02
2.188181818181818006e+00 7.335459220670900322e+02
2.248686868686868401e+00 6.802139889865758278e+02
2.309191919191919240e+00 6.301064550622852494e+02
2.369696969696969635e+00 5.830992452312764271e+02
2.430202020202020030e+00 5.390632686035572760e+02
2.490707070707070425e+00 4.978664652552058669e+02
2.551212121212120820e+00 4.593754931061378670e+02
2.611717171717171659e+00 4.234571091269470458e+02
2.672222222222222054e+00 3.899792918901171106e+02
2.732727272727272450e+00 3.588121454182427215e+02
2.793232323232323289e+00 3.298286184203367952e+02
2.853737373737373684e+00 3.029050679604930565e+02
2.914242424242424079e+00 2.779216922848568743e+02
2.974747474747474474e+00 2.547628538505467475e+02
3.035252525252524869e+00 2.333173103818724883e+02
3.095757575757575708e+00 2.134783693317950508e+02
3.156262626262626103e+00 1.951439783587050556e+02
3.216767676767676498e+00 1.782167630769335460e+02
3.277272727272727337e+00 1.626040212010032633e+02
3.337777777777777732e+00 1.482176810302212289e+02
3.398282828282828127e+00 1.349742309501974944e+02
3.458787878787878523e+00 1.227946256138510392e+02
3.519292929292928918e+00 1.116041735948737852e+02
3.579797979797979757e+00 1.013324105668937705e+02
3.640303030303030152e+00 9.191296143207149782e+01
3.700808080808080547e+00 8.328339428406138722e+01
3.761313131313131386e+00 7.538506866080197710e+01
3.821818181818181781e+00 6.816298006937412879e+01
3.882323232323232176e+00 6.156560258658898732e+01
3.942828282828282571e+00 5.554473090072735886e+01
4.003333333333332966e+00 5.005532300575939786e+01
4.063838383838383805e+00 4.505534454491525054e+01
4.124343434343433756e+00 4.050561560986400167e+01
4.184848484848484595e+00 3.636966066185870261e+01
4.245353535353535435e+00 3.261356211235651159e+01
4.305858585858585386e+00 2.920581799183095839e+01
4.366363636363636225e+00 2.611720404255415673e+01
4.426868686868687064e+00 2.332064049155371777e+01
4.487373737373737015e+00 2.079106369137945265e+01
4.547878787878787854e+00 1.850530276217675762e+01
4.608383838383838693e+00 1.644196130679616275e+01
4.668888888888888644e+00 1.458130424782414281e+01
4.729393939393939483e+00 1.290514978012156888e+01
4.789898989898989434e+00 1.139676641251085876e+01
4.850404040404040273e+00 1.004077504266968823e+01
4.910909090909091113e+00 8.823055987090890895e+00
4.971414141414141064e+00 7.730660871072886131e+00
5.031919191919191903e+00 6.751729264711148204e+00
5.092424242424241854e+00 5.875409941924494284e+00
5.152929292929292693e+00 5.091786626314386943e+00
5.213434343434343532e+00 4.391808080222431521e+00
5.273939393939393483e+00 3.767222386594247574e+00
5.334444444444444322e+00 3.210515268250147880e+00
5.394949494949495161e+00 2.714852285611665472e+00
5.455454545454545112e+00 2.274024751708707548e+00
5.515959595959595951e+00 1.882399201977663639e+00
5.576464646464646790e+00 1.534870256444456071e+00
5.636969696969696741e+00 1.226816712423828282e+00
5.697474747474747581e+00 9.540607074629660067e-01
5.757979797979797532e+00 7.128297944374268891e-01
5.818484848484848371e+00 4.997217735033980812e-01
5.878989898989899210e+00 3.116721289273647888e-01
5.939494949494949161e+00 1.459239225762225256e-01
6.000000000000000000e+00 0.000000000000000000e+00
