1.000000000000000021e-02 -9.828506640886112145e-01
7.102040816326531114e-02 -7.650423292382396712e-01
1.320408163265306134e-01 -5.058103531099216177e-01
1.930612244897959295e-01 -2.546078455529085516e-01
2.540816326530612179e-01 -2.585373497613151217e-02
3.151020408163265341e-01 1.760519453866416506e-01
3.761224489795918502e-01 3.507457390912248063e-01
4.371428571428571663e-01 4.996102370938058090e-01
4.981632653061224825e-01 6.247473940336144560e-01
5.591836734693877986e-01 7.284859182760156093e-01
6.202040816326530592e-01 8.131403766210755224e-01
6.812244897959184309e-01 8.808964669862150432e-01
7.422448979591836915e-01 9.337616453596080390e-01
8.032653061224490632e-01 9.735499685866365605e-01
8.642857142857143238e-01 1.001884624654715283e+00
9.253061224489796954e-01 1.020209186515393496e+00
9.863265306122449561e-01 1.029802685396868034e+00
1.047346938775510328e+00 1.031795834354366059e+00
1.108367346938775588e+00 1.027186983333383763e+00
1.169387755102040849e+00 1.016857092514121153e+00
1.230408163265306110e+00 1.001583408393960539e+00
1.291428571428571592e+00 9.820517485310911177e-01
1.352448979591836853e+00 9.588674206427740820e-01
1.413469387755102114e+00 9.325648627344488295e-01
1.474489795918367374e+00 9.036161181295888634e-01
1.535510204081632635e+00 8.724382673543787936e-01
1.596530612244898117e+00 8.393999364533393237e-01
1.657551020408163378e+00 8.048269935571391587e-01
1.718571428571428639e+00 7.690075353532832558e-01
1.779591836734693899e+00 7.321962542216785552e-01
1.840612244897959382e+00 6.946182661242323864e-01
1.901632653061224643e+00 6.564724693680650258e-01
1.962653061224489903e+00 6.179344953131905571e-01
2.023673469387754942e+00 5.791593040330005326e-01
2.084693877551020424e+00 5.402834708480521719e-01
2.145714285714285463e+00 5.014272034502916808e-01
2.206734693877550946e+00 4.626961239792958258e-01
2.267755102040816428e+00 4.241828457562804577e-01
2.328775510204081467e+00 3.859683703823316159e-01
2.389795918367346950e+00 3.481233274590643245e-01
2.450816326530611988e+00 3.107090762217662450e-01
2.511836734693877471e+00 2.737786858250113586e-01
2.572857142857142954e+00 2.373778088229192285e-01
2.633877551020407992e+00 2.015454604972999053e-01
2.694897959183673475e+00 1.663147150558750564e-01
2.755918367346938513e+00 1.317133283210131511e-01
2.816938775510203996e+00 9.776429531376482074e-02
2.877959183673469479e+00 6.448635009067525681e-02
2.938979591836734517e+00 3.189441428315333699e-02
3.000000000000000000e+00 0.000000000000000000e+00
