1.000000000000000021e-02 8.405464274196262207e+11
7.050505050505050109e-02 1.080337873569390430e+13
1.310101010101010210e-01 2.194617561717495703e+13
1.915151515151515271e-01 3.199804288967973047e+13
2.520202020202020332e-01 4.030315641148521875e+13
3.125252525252525393e-01 4.669451208623120312e+13
3.730303030303030454e-01 5.122350727781424219e+13
4.335353535353535515e-01 5.404802177485080469e+13
4.940404040404040575e-01 5.537564709413101562e+13
5.545454545454545636e-01 5.543188625718991406e+13
6.150505050505050697e-01 5.444152838573342188e+13
6.755555555555555758e-01 5.261767937546418750e+13
7.360606060606060819e-01 5.015552438655775781e+13
7.965656565656565880e-01 4.722912630746196094e+13
8.570707070707070940e-01 4.399020966788541406e+13
9.175757575757576001e-01 4.056824738398013281e+13
9.780808080808081062e-01 3.707139162770734375e+13
1.038585858585858501e+00 3.358793347326009375e+13
1.099090909090909118e+00 3.018807142636967578e+13
1.159595959595959735e+00 2.692583437972582422e+13
1.220101010101010131e+00 2.384105042819366406e+13
1.280606060606060526e+00 2.096128561380358984e+13
1.341111111111111143e+00 1.830370033460412109e+13
1.401616161616161760e+00 1.587678834110012891e+13
1.462121212121212155e+00 1.368197598697293359e+13
1.522626262626262550e+00 1.171506887781563477e+13
1.583131313131313167e+00 9.967540172826767578e+12
1.643636363636363784e+00 8.427660198399679688e+12
1.704141414141414179e+00 7.081471104687386719e+12
1.764646464646464574e+00 5.913613387432814453e+12
1.825151515151515191e+00 4.908013375599110352e+12
1.885656565656565808e+00 4.048442440213450195e+12
1.946161616161616204e+00 3.318959763755207031e+12
2.006666666666666377e+00 2.704251149479718262e+12
2.067171717171716772e+00 2.189876587772743164e+12
2.127676767676767611e+00 1.762439185259612793e+12
2.188181818181818006e+00 1.409687663596180420e+12
2.248686868686868401e+00 1.120563998125969238e+12
2.309191919191919240e+00 8.852069354800175781e+11
2.369696969696969635e+00 6.949211601870229492e+11
2.430202020202020030e+00 5.421208173342506104e+11
2.490707070707070425e+00 4.202549869610750732e+11
2.551212121212120820e+00 3.237215866738507080e+11
2.611717171717171659e+00 2.477750873827933960e+11
2.672222222222222054e+00 1.884323925499515686e+11
2.732727272727272450e+00 1.423802769320635986e+11
2.793232323232323289e+00 1.068869229840954132e+11
2.853737373737373684e+00 7.971934202532791138e+10
2.914242424242424079e+00 5.906782732617057800e+10
2.974747474747474474e+00 4.347805676257144928e+10
3.035252525252524869e+00 3.179103875524650574e+10
3.095757575757575708e+00 2.309076880727643967e+10
3.156262626262626103e+00 1.665922478278442764e+10
3.216767676767676498e+00 1.193816550529815292e+10
3.277272727272727337e+00 8.497097144354795456e+09
3.337777777777777732e+00 6.006723197066184998e+09
3.398282828282828127e+00 4.217185327316253185e+09
3.458787878787878523e+00 2.940424329988685131e+09
3.519292929292928918e+00 2.036027335942273855e+09
3.579797979797979757e+00 1.399999917147486448e+09
3.640303030303030152e+00 9.559339080742032528e+08
3.700808080808080547e+00 6.481386522702000141e+08
3.761313131313131386e+00 4.363481065563936830e+08
3.821818181818181781e+00 2.916812519380468726e+08
3.882323232323232176e+00 1.935884739492224157e+08
3.942828282828282571e+00 1.275650039212839752e+08
4.003333333333332966e+00 8.345461715549966693e+07
4.063838383838383805e+00 5.420281748370583355e+07
4.124343434343433756e+00 3.494878802950309217e+07
4.184848484848484595e+00 2.237007465977158770e+07
4.245353535353535435e+00 1.421393386938971095e+07
4.305858585858585386e+00 8.965187406487505883e+06
4.366363636363636225e+00 5.612929065538875759e+06
4.426868686868687064e+00 3.488123874287273269e+06
4.487373737373737015e+00 2.151560991909269709e+06
4.547878787878787854e+00 1.317232001804619329e+06
4.608383838383838693e+00 8.003967932838031556e+05
4.668888888888888644e+00 4.826925866585892509e+05
4.729393939393939483e+00 2.888990050354853156e+05
4.789898989898989434e+00 1.716009164908497769e+05
4.850404040404040273e+00 1.011531367302954459e+05
4.910909090909091113e+00 5.917159738985534204e+04
4.971414141414141064e+00 3.434860932175738708e+04
5.031919191919191903e+00 1.978582153426849982e+04
5.092424242424241854e+00 1.130925472081053886e+04
5.152929292929292693e+00 6.414050231740287018e+03
5.213434343434343532e+00 3.609342764968910160e+03
5.273939393939393483e+00 2.015076646200176583e+03
5.334444444444444322e+00 1.116031848997942006e+03
5.394949494949495161e+00 6.130642637890210835e+02
5.455454545454545112e+00 3.339205752447032296e+02
5.515959595959595951e+00 1.802340110055436355e+02
5.576464646464646790e+00 9.629661270031563447e+01
5.636969696969696741e+00 5.082106109012887885e+01
5.697474747474747581e+00 2.638142198674839278e+01
5.757979797979797532e+00 1.335282872755921524e+01
5.818484848484848371e+00 6.463484529245050680e+00
5.878989898989899210e+00 2.849987821702840041e+00
5.939494949494949161e+00 9.700703774857548645e-01
6.000000000000000000e+00 0.000000000000000000e+00
