1.000000000000000021e-02 -9.423377659480636215e-01
7.102040816326531114e-02 -2.389363228495971769e-01
1.320408163265306134e-01 5.583198628621723891e-01
1.930612244897959295e-01 1.295474640571618652e+00
2.540816326530612179e-01 1.934649991048893902e+00
3.151020408163265341e-01 2.469235580572400224e+00
3.761224489795918502e-01 2.904177512828673091e+00
4.371428571428571663e-01 3.248729850805260444e+00
4.981632653061224825e-01 3.513377949892897867e+00
5.591836734693877986e-01 3.708472247149118495e+00
6.202040816326530592e-01 3.843637550490102139e+00
6.812244897959184309e-01 3.927551917395513570e+00
7.422448979591836915e-01 3.967904244077649523e+00
8.032653061224490632e-01 3.971436352285485416e+00
8.642857142857143238e-01 3.944021837093370397e+00
9.253061224489796954e-01 3.890757324721256349e+00
9.863265306122449561e-01 3.816053914653890100e+00
1.047346938775510328e+00 3.723722974477906345e+00
1.108367346938775588e+00 3.617053842930312513e+00
1.169387755102040849e+00 3.498882771746882003e+00
1.230408163265306110e+00 3.371653336999529849e+00
1.291428571428571592e+00 3.237468973948428363e+00
1.352448979591836853e+00 3.098138454758366578e+00
1.413469387755102114e+00 2.955215157182396357e+00
1.474489795918367374e+00 2.810030931736416271e+00
1.535510204081632635e+00 2.663725304227973378e+00
1.596530612244898117e+00 2.517270665634757876e+00
1.657551020408163378e+00 2.371494021231707272e+00
1.718571428571428639e+00 2.227095791212877263e+00
1.779591836734693899e+00 2.084666086316689704e+00
1.840612244897959382e+00 1.944698820178328402e+00
1.901632653061224643e+00 1.807603966838313925e+00
1.962653061224489903e+00 1.673718226009310639e+00
2.023673469387754942e+00 1.543314319576290616e+00
2.084693877551020424e+00 1.416609109532223520e+00
2.145714285714285463e+00 1.293770699330690110e+00
2.206734693877550946e+00 1.174924656732270867e+00
2.267755102040816428e+00 1.060159475986256483e+00
2.328775510204081467e+00 9.495313800587231734e-01
2.389795918367346950e+00 8.430685491104248364e-01
2.450816326530611988e+00 7.407748491308495664e-01
2.511836734693877471e+00 6.426331241971674491e-01
2.572857142857142954e+00 5.486081069998915982e-01
2.633877551020407992e+00 4.586489946026440778e-01
2.694897959183673475e+00 3.726917302760985873e-01
2.755918367346938513e+00 2.906610263541337114e-01
2.816938775510203996e+00 2.124721587625170993e-01
2.877959183673469479e+00 1.380325596272586330e-01
2.938979591836734517e+00 6.724323102896342941e-02
3.000000000000000000e+00 0.000000000000000000e+00
