1.000000000000000021e-02 -9.606504504864161742e-01
7.050505050505050109e-02 -4.404006895578308489e-01
1.310101010101010210e-01 2.318476634315982943e-01
1.915151515151515271e-01 9.347471811074085091e-01
2.520202020202020332e-01 1.617591710682166450e+00
3.125252525252525393e-01 2.253135109442608641e+00
3.730303030303030454e-01 2.826693131470841003e+00
4.335353535353535515e-01 3.331424488288477370e+00
4.940404040404040575e-01 3.765638581594777712e+00
5.545454545454545636e-01 4.131025104636640854e+00
6.150505050505050697e-01 4.431412967420677695e+00
6.755555555555555758e-01 4.671883477893237213e+00
7.360606060606060819e-01 4.858140584520506344e+00
7.965656565656565880e-01 4.996073467051282080e+00
8.570707070707070940e-01 5.091463374528190755e+00
9.175757575757576001e-01 5.149797294094010880e+00
9.780808080808081062e-01 5.176159142950457870e+00
1.038585858585858501e+00 5.175175785683962637e+00
1.099090909090909118e+00 5.151000625645566267e+00
1.159595959595959735e+00 5.107321937267246703e+00
1.220101010101010131e+00 5.047386612035093201e+00
1.280606060606060526e+00 4.974032691410553042e+00
1.341111111111111143e+00 4.889726114102908916e+00
1.401616161616161760e+00 4.796598608812884024e+00
1.462121212121212155e+00 4.696484760442912076e+00
1.522626262626262550e+00 4.590957051455359483e+00
1.583131313131313167e+00 4.481358217254459930e+00
1.643636363636363784e+00 4.368830617612173839e+00
1.704141414141414179e+00 4.254342564253937198e+00
1.764646464646464574e+00 4.138711694509987993e+00
1.825151515151515191e+00 4.022625569391964362e+00
1.885656565656565808e+00 3.906659721252279116e+00
1.946161616161616204e+00 3.791293395327354876e+00
2.006666666666666377e+00 3.676923230739167714e+00
2.067171717171716772e+00 3.563875116986223723e+00
2.127676767676767611e+00 3.452414446016996763e+00
2.188181818181818006e+00 3.342754960995352853e+00
2.248686868686868401e+00 3.235066382765673598e+00
2.309191919191919240e+00 3.129480975139499854e+00
2.369696969696969635e+00 3.026099191214028483e+00
2.430202020202020030e+00 2.924994525451963590e+00
2.490707070707070425e+00 2.826217680351375883e+00
2.551212121212120820e+00 2.729800142314557476e+00
2.611717171717171659e+00 2.635757248705699052e+00
2.672222222222222054e+00 2.544090816990573156e+00
2.732727272727272450e+00 2.454791397141919962e+00
2.793232323232323289e+00 2.367840200083563218e+00
2.853737373737373684e+00 2.283210747522876449e+00
2.914242424242424079e+00 2.200870282315162463e+00
2.974747474747474474e+00 2.120780972991151536e+00
3.035252525252524869e+00 2.042900941264311321e+00
3.095757575757575708e+00 1.967185137448792531e+00
3.156262626262626103e+00 1.893586085118284634e+00
3.216767676767676498e+00 1.822054513380236829e+00
3.277272727272727337e+00 1.752539892561166823e+00
3.337777777777777732e+00 1.684990886888658057e+00
3.398282828282828127e+00 1.619355735858331036e+00
3.458787878787878523e+00 1.555582574343888247e+00
3.519292929292928918e+00 1.493619700107836179e+00
3.579797979797979757e+00 1.433415796167716305e+00
3.640303030303030152e+00 1.374920114438501040e+00
3.700808080808080547e+00 1.318082626182129014e+00
3.761313131313131386e+00 1.262854144030723269e+00
3.821818181818181781e+00 1.209186419691485659e+00
3.882323232323232176e+00 1.157032220874267603e+00
3.942828282828282571e+00 1.106345390494811065e+00
4.003333333333332966e+00 1.057080890785812244e+00
4.063838383838383805e+00 1.009194834585043887e+00
4.124343434343433756e+00 9.626445057567135644e-01
4.184848484848484595e+00 9.173883704354970359e-01
4.245353535353535435e+00 8.733860805254169968e-01
4.305858585858585386e+00 8.305984707671477674e-01
4.366363636363636225e+00 7.889875503481575958e-01
4.426868686868687064e+00 7.485164900870016069e-01
4.487373737373737015e+00 7.091496059245123718e-01
4.547878787878787854e+00 6.708523394307663867e-01
4.608383838383838693e+00 6.335912359098382352e-01
4.668888888888888644e+00 5.973339206067911356e-01
4.729393939393939483e+00 5.620490734474147265e-01
4.789898989898989434e+00 5.277064026782366524e-01
4.850404040404040273e+00 4.942766177204396261e-01
4.910909090909091113e+00 4.617314015033412988e-01
4.971414141414141064e+00 4.300433825032509705e-01
5.031919191919191903e+00 3.991861066778017997e-01
5.092424242424241854e+00 3.691340094554730888e-01
5.152929292929292693e+00 3.398623879140261206e-01
5.213434343434343532e+00 3.113473732585805842e-01
5.273939393939393483e+00 2.835659036907938191e-01
5.334444444444444322e+00 2.564956977435964292e-01
5.394949494949495161e+00 2.301152281415379530e-01
5.455454545454545112e+00 2.044036962343368513e-01
5.515959595959595951e+00 1.793410070406142587e-01
5.576464646464646790e+00 1.549077449295697129e-01
5.636969696969696741e+00 1.310851499606286441e-01
5.697474747474747581e+00 1.078550948944667631e-01
5.757979797979797532e+00 8.520006288312702292e-02
5.818484848484848371e+00 6.310312584224618548e-02
5.878989898989899210e+00 4.154792350427521930e-02
5.939494949494949161e+00 2.051864314842093140e-02
6.000000000000000000e+00 0.000000000000000000e+00
