1.000000000000000021e-02 -9.525241859009702106e-01
7.050505050505050109e-02 -3.308871383131800625e-01
1.310101010101010210e-01 4.600295716523656875e-01
1.915151515151515271e-01 1.270495942994606775e+00
2.520202020202020332e-01 2.038443798541271779e+00
3.125252525252525393e-01 2.731778904319554613e+00
3.730303030303030454e-01 3.334553053716172055e+00
4.335353535353535515e-01 3.840790923005845237e+00
4.940404040404040575e-01 4.250925565342409840e+00
5.545454545454545636e-01 4.569464494440246938e+00
6.150505050505050697e-01 4.803374997508218058e+00
6.755555555555555758e-01 4.960949445573422878e+00
7.360606060606060819e-01 5.051014011306082629e+00
7.965656565656565880e-01 5.082390052075698605e+00
8.570707070707070940e-01 5.063542099799322571e+00
9.175757575757576001e-01 5.002362314395906395e+00
9.780808080808081062e-01 4.906052919555085268e+00
1.038585858585858501e+00 4.781077250553271263e+00
1.099090909090909118e+00 4.633157299237907090e+00
1.159595959595959735e+00 4.467301396519537171e+00
1.220101010101010131e+00 4.287850172599659615e+00
1.280606060606060526e+00 4.098532392491733845e+00
1.341111111111111143e+00 3.902524870391841816e+00
1.401616161616161760e+00 3.702512596437154357e+00
1.462121212121212155e+00 3.500746606178265719e+00
1.522626262626262550e+00 3.299098122977454750e+00
1.583131313131313167e+00 3.099108193865482530e+00
1.643636363636363784e+00 2.902037786277154030e+00
1.704141414141414179e+00 2.708881421476298179e+00
1.764646464646464574e+00 2.520455314168002392e+00
1.825151515151515191e+00 2.337375701102435865e+00
1.885656565656565808e+00 2.160112349542113286e+00
1.946161616161616204e+00 1.989006857257645811e+00
2.006666666666666377e+00 1.824293053603440073e+00
2.067171717171716772e+00 1.666114593321431636e+00
2.127676767676767611e+00 1.514540084204123449e+00
2.188181818181818006e+00 1.369576059770992282e+00
2.248686868686868401e+00 1.231178076916919384e+00
2.309191919191919240e+00 1.099260187775307651e+00
2.369696969696969635e+00 9.737030058979266878e-01
2.430202020202020030e+00 8.543605599160470909e-01
2.490707070707070425e+00 7.410661032613136134e-01
2.551212121212120820e+00 6.336370267147023450e-01
2.611717171717171659e+00 5.318790008274546510e-01
2.672222222222222054e+00 4.355894582278425076e-01
2.732727272727272450e+00 3.445605106820160413e-01
2.793232323232323289e+00 2.585813826697355156e-01
2.853737373737373684e+00 1.774404318284096282e-01
2.914242424242424079e+00 1.009268167434106273e-01
2.974747474747474474e+00 2.883186403067018733e-02
3.035252525252524869e+00 -3.904982069920573395e-02
3.095757575757575708e+00 -1.029194597336588746e-01
3.156262626262626103e+00 -1.629733952452572798e-01
3.216767676767676498e+00 -2.194025381698412325e-01
3.277272727272727337e+00 -2.723919499003925049e-01
3.337777777777777732e+00 -3.221205362878463707e-01
3.398282828282828127e+00 -3.687608360154440157e-01
3.458787878787878523e+00 -4.124788883964708441e-01
3.519292929292928918e+00 -4.534341675589553255e-01
3.579797979797979757e+00 -4.917795719391144238e-01
3.640303030303030152e+00 -5.276614595988761147e-01
3.700808080808080547e+00 -5.612197212606762076e-01
3.761313131313131386e+00 -5.925878841351016613e-01
3.821818181818181781e+00 -6.218932406318555817e-01
3.882323232323232176e+00 -6.492569969156150034e-01
3.942828282828282571e+00 -6.747944370204518316e-01
4.003333333333332966e+00 -6.986150988474352230e-01
4.063838383838383805e+00 -7.208229590244518148e-01
4.124343434343433756e+00 -7.415166238948964761e-01
4.184848484848484595e+00 -7.607895245143638796e-01
4.245353535353535435e+00 -7.787301137218117786e-01
4.305858585858585386e+00 -7.954220637949197537e-01
4.366363636363636225e+00 -8.109444632940218112e-01
4.426868686868687064e+00 -8.253720120673903038e-01
4.487373737373737015e+00 -8.387752135030507317e-01
4.547878787878787854e+00 -8.512205632900549102e-01
4.608383838383838693e+00 -8.627707341000832031e-01
4.668888888888888644e+00 -8.734847557127543016e-01
4.729393939393939483e+00 -8.834181902133247943e-01
4.789898989898989434e+00 -8.926233019802916058e-01
4.850404040404040273e+00 -9.011492222422171627e-01
4.910909090909091113e+00 -9.090421080854922398e-01
4.971414141414141064e+00 -9.163452957870038551e-01
5.031919191919191903e+00 -9.230994484507297759e-01
5.092424242424241854e+00 -9.293426979329409976e-01
5.152929292929292693e+00 -9.351107810837122614e-01
5.213434343434343532e+00 -9.404371703586530407e-01
5.273939393939393483e+00 -9.453531988777392758e-01
5.334444444444444322e+00 -9.498881800269856068e-01
5.394949494949495161e+00 -9.540695217144148366e-01
5.455454545454545112e+00 -9.579228354043137772e-01
5.515959595959595951e+00 -9.614720400638974152e-01
5.576464646464646790e+00 -9.647394611643981266e-01
5.636969696969696741e+00 -9.677459248846063122e-01
5.697474747474747581e+00 -9.705108476692858588e-01
5.757979797979797532e+00 -9.730523212978566816e-01
5.818484848484848371e+00 -9.753871936205508186e-01
5.878989898989899210e+00 -9.775311451199758528e-01
5.939494949494949161e+00 -9.794987614559121925e-01
6.000000000000000000e+00 -9.813036021502835604e-01
