1.000000000000000021e-02 -9.524647146282710919e-01
7.102040816326531114e-02 -3.171059733334937181e-01
1.320408163265306134e-01 5.019066246311826296e-01
1.930612244897959295e-01 1.349119369200310725e+00
2.540816326530612179e-01 2.156868289300858610e+00
3.151020408163265341e-01 2.888486649439158338e+00
3.761224489795918502e-01 3.524812913447306073e+00
4.371428571428571663e-01 4.057976061358938402e+00
4.981632653061224825e-01 4.487609328608201942e+00
5.591836734693877986e-01 4.818235145462815616e+00
6.202040816326530592e-01 5.057378879678715577e+00
6.812244897959184309e-01 5.214205789202764230e+00
7.422448979591836915e-01 5.298555577957194451e+00
8.032653061224490632e-01 5.320281805683936049e+00
8.642857142857143238e-01 5.288821893721139311e+00
9.253061224489796954e-01 5.212937485021346795e+00
9.863265306122449561e-01 5.100577056744500126e+00
1.047346938775510328e+00 4.958832876556929392e+00
1.108367346938775588e+00 4.793897270566085389e+00
1.169387755102040849e+00 4.611197433829313574e+00
1.230408163265306110e+00 4.415360376438696832e+00
1.291428571428571592e+00 4.210331113142878223e+00
1.352448979591836853e+00 3.999437038405976974e+00
1.413469387755102114e+00 3.785460689599977169e+00
1.474489795918367374e+00 3.570708636956337667e+00
1.535510204081632635e+00 3.357074986884271084e+00
1.596530612244898117e+00 3.146098808216069909e+00
1.657551020408163378e+00 2.939015328136983296e+00
1.718571428571428639e+00 2.736801080199825265e+00
1.779591836734693899e+00 2.540213383176067818e+00
1.840612244897959382e+00 2.349824631712329914e+00
1.901632653061224643e+00 2.166051920027492805e+00
1.962653061224489903e+00 1.989182520757993400e+00
2.023673469387754942e+00 1.819395718093181014e+00
2.084693877551020424e+00 1.656781458053929512e+00
2.145714285714285463e+00 1.501356236132359800e+00
2.206734693877550946e+00 1.353076598004804731e+00
2.267755102040816428e+00 1.211850585443113637e+00
2.328775510204081467e+00 1.077547418489832820e+00
2.389795918367346950e+00 9.500056673435387511e-01
2.450816326530611988e+00 8.290401333159153063e-01
2.511836734693877471e+00 7.144476284479760464e-01
2.572857142857142954e+00 6.060118163334070607e-01
2.633877551020407992e+00 5.035072540579146327e-01
2.694897959183673475e+00 4.067027547590630343e-01
2.755918367346938513e+00 3.153641730940208165e-01
2.816938775510203996e+00 2.292567009401797751e-01
2.877959183673469479e+00 1.481467478384631276e-01
2.938979591836734517e+00 7.180346971151568836e-02
3.000000000000000000e+00 0.000000000000000000e+00
