1.000000000000000021e-02 -9.863339271169685452e-01
7.102040816326531114e-02 -8.094504590866654636e-01
1.320408163265306134e-01 -5.906940770432911325e-01
1.930612244897959295e-01 -3.703900872245338705e-01
2.540816326530612179e-01 -1.627520911106566937e-01
3.151020408163265341e-01 2.600120783473952937e-02
3.761224489795918502e-01 1.933809504617564623e-01
4.371428571428571663e-01 3.388908801944188753e-01
4.981632653061224825e-01 4.631514683745677763e-01
5.591836734693877986e-01 5.674052897554883179e-01
6.202040816326530592e-01 6.532194232017886071e-01
6.812244897959184309e-01 7.223005123126787774e-01
7.422448979591836915e-01 7.763787453218252699e-01
8.032653061224490632e-01 8.171358916991757759e-01
8.642857142857143238e-01 8.461622577474861018e-01
9.253061224489796954e-01 8.649328691662019342e-01
9.863265306122449561e-01 8.747964527379761268e-01
1.047346938775510328e+00 8.769728549955694286e-01
1.108367346938775588e+00 8.725558984454863110e-01
1.169387755102040849e+00 8.625196024288841468e-01
1.230408163265306110e+00 8.477263386614692919e-01
1.291428571428571592e+00 8.289359433327818660e-01
1.352448979591836853e+00 8.068151271588875906e-01
1.413469387755102114e+00 7.819467509713198261e-01
1.474489795918367374e+00 7.548386940147219226e-01
1.535510204081632635e+00 7.259321538901530868e-01
1.596530612244898117e+00 6.956092944217606711e-01
1.657551020408163378e+00 6.642002103185012940e-01
1.718571428571428639e+00 6.319892123790520344e-01
1.779591836734693899e+00 5.992204592557752729e-01
1.840612244897959382e+00 5.661029751923446485e-01
1.901632653061224643e+00 5.328151003607496383e-01
1.962653061224489903e+00 4.995084234223118314e-01
2.023673469387754942e+00 4.663112461284938393e-01
2.084693877551020424e+00 4.333316281302022621e-01
2.145714285714285463e+00 4.006600574550543414e-01
2.206734693877550946e+00 3.683717887515193801e-01
2.267755102040816428e+00 3.365288877892456121e-01
2.328775510204081467e+00 3.051820170414353273e-01
2.389795918367346950e+00 2.743719936112328228e-01
2.450816326530611988e+00 2.441311473913931329e-01
2.511836734693877471e+00 2.144845042126003187e-01
2.572857142857142954e+00 1.854508158705295284e-01
2.633877551020407992e+00 1.570434563215546975e-01
2.694897959183673475e+00 1.292712010062778416e-01
2.755918367346938513e+00 1.021389041778003187e-01
2.816938775510203996e+00 7.564808726289413976e-02
2.877959183673469479e+00 4.979744966112750748e-02
2.938979591836734517e+00 2.458331192052865682e-02
3.000000000000000000e+00 0.000000000000000000e+00
