1.000000000000000021e-02 -9.529223202455687769e-01
7.050505050505050109e-02 -3.529779742667589759e-01
1.310101010101010210e-01 3.886844586249623701e-01
1.915151515151515271e-01 1.131273960585790661e+00
2.520202020202020332e-01 1.820248068389610951e+00
3.125252525252525393e-01 2.429564920707565356e+00
3.730303030303030454e-01 2.948067271360508723e+00
4.335353535353535515e-01 3.373484867716705526e+00
4.940404040404040575e-01 3.709009799009642450e+00
5.545454545454545636e-01 3.961085542362953849e+00
6.150505050505050697e-01 4.137909793237671607e+00
6.755555555555555758e-01 4.248415306866133889e+00
7.360606060606060819e-01 4.301590748800538044e+00
7.965656565656565880e-01 4.306047493218437161e+00
8.570707070707070940e-01 4.269763030758361388e+00
9.175757575757576001e-01 4.199948559330342945e+00
9.780808080808081062e-01 4.103001246772625343e+00
1.038585858585858501e+00 3.984511882260087123e+00
1.099090909090909118e+00 3.849306705794494299e+00
1.159595959595959735e+00 3.701508456580425488e+00
1.220101010101010131e+00 3.544606405037266761e+00
1.280606060606060526e+00 3.381528615544698635e+00
1.341111111111111143e+00 3.214712190064794139e+00
1.401616161616161760e+00 3.046168997097338682e+00
1.462121212121212155e+00 2.877545587136758787e+00
1.522626262626262550e+00 2.710176787218836925e+00
1.583131313131313167e+00 2.545132970531082339e+00
1.643636363636363784e+00 2.383261300224137624e+00
1.704141414141414179e+00 2.225221413736966802e+00
1.764646464646464574e+00 2.071516091163560613e+00
1.825151515151515191e+00 1.922517470802099782e+00
1.885656565656565808e+00 1.778489359369728406e+00
1.946161616161616204e+00 1.639606148542058106e+00
2.006666666666666377e+00 1.505968803478769935e+00
2.067171717171716772e+00 1.377618339255455515e+00
2.127676767676767611e+00 1.254547151620717615e+00
2.188181818181818006e+00 1.136708521572804331e+00
2.248686868686868401e+00 1.024024570146820023e+00
2.309191919191919240e+00 9.163929010612988924e-01
2.369696969696969635e+00 8.136921345921590554e-01
2.430202020202020030e+00 7.157865060575172578e-01
2.490707070707070425e+00 6.225296762995126132e-01
2.551212121212120820e+00 5.337678791599567152e-01
2.611717171717171659e+00 4.493425117640006405e-01
2.672222222222222054e+00 3.690922570573565986e-01
2.732727272727272450e+00 2.928548141187795051e-01
2.793232323232323289e+00 2.204682999550046096e-01
2.853737373737373684e+00 1.517723764783070195e-01
2.914242424242424079e+00 8.660914790428542176e-02
2.974747474747474474e+00 2.482386665872397466e-02
3.035252525252524869e+00 -3.373452015217980049e-02
3.095757575757575708e+00 -8.921295674388735053e-02
3.156262626262626103e+00 -1.417539744557894110e-01
3.216767676767676498e+00 -1.914954782689831103e-01
3.277272727272727337e+00 -2.385706082452626053e-01
3.337777777777777732e+00 -2.831076618177269522e-01
3.398282828282828127e+00 -3.252300667175229143e-01
3.458787878787878523e+00 -3.650563940332607338e-01
3.519292929292928918e+00 -4.027004041261124656e-01
3.579797979797979757e+00 -4.382711185735428394e-01
3.640303030303030152e+00 -4.718729126462056223e-01
3.700808080808080547e+00 -5.036056237116773859e-01
3.761313131313131386e+00 -5.335646717319960652e-01
3.821818181818181781e+00 -5.618411886734797633e-01
3.882323232323232176e+00 -5.885221541958409741e-01
3.942828282828282571e+00 -6.136905354487557362e-01
4.003333333333332966e+00 -6.374254291920056215e-01
4.063838383838383805e+00 -6.598022047814587898e-01
4.124343434343433756e+00 -6.808926468366691687e-01
4.184848484848484595e+00 -7.007650966277195748e-01
4.245353535353535435e+00 -7.194845914733726255e-01
4.305858585858585386e+00 -7.371130013860726082e-01
4.366363636363636225e+00 -7.537091627680360117e-01
4.426868686868687064e+00 -7.693290085317927574e-01
4.487373737373737015e+00 -7.840256945450615467e-01
4.547878787878787854e+00 -7.978497221609262002e-01
4.608383838383838693e+00 -8.108490567186195097e-01
4.668888888888888644e+00 -8.230692419453901065e-01
4.729393939393939483e+00 -8.345535102324158627e-01
4.789898989898989434e+00 -8.453428887923869484e-01
4.850404040404040273e+00 -8.554763017342597031e-01
4.910909090909091113e+00 -8.649906681131129815e-01
4.971414141414141064e+00 -8.739209960304179514e-01
5.031919191919191903e+00 -8.823004728737606772e-01
5.092424242424241854e+00 -8.901605517953458113e-01
5.152929292929292693e+00 -8.975310345361457998e-01
5.213434343434343532e+00 -9.044401507079784519e-01
5.273939393939393483e+00 -9.109146336527093046e-01
5.334444444444444322e+00 -9.169797929734136988e-01
5.394949494949495161e+00 -9.226595839155901091e-01
5.455454545454545112e+00 -9.279766736367400792e-01
5.515959595959595951e+00 -9.329525045306511499e-01
5.576464646464646790e+00 -9.376073547217902426e-01
5.636969696969696741e+00 -9.419603958223260465e-01
5.697474747474747581e+00 -9.460297480733083075e-01
5.757979797979797532e+00 -9.498325329749354173e-01
5.818484848484848371e+00 -9.533849235098034169e-01
5.878989898989899210e+00 -9.567021920597446050e-01
5.939494949494949161e+00 -9.597987561133995982e-01
6.000000000000000000e+00 -9.626882218583032724e-01
