1.000000000000000021e-02 3.245805071301776312e+00
7.050505050505050109e-02 5.000144583331820058e+01
1.310101010101010210e-01 9.651190004792088928e+01
1.915151515151515271e-01 1.342094504710190961e+02
2.520202020202020332e-01 1.625965991633236456e+02
3.125252525252525393e-01 1.828102997718559664e+02
3.730303030303030454e-01 1.962951828468619908e+02
4.335353535353535515e-01 2.044127439031544782e+02
4.940404040404040575e-01 2.083314833411224072e+02
5.545454545454545636e-01 2.090136195917461919e+02
6.150505050505050697e-01 2.072347109806651417e+02
6.755555555555555758e-01 2.036122384490464015e+02
7.360606060606060819e-01 1.986340522090944205e+02
7.965656565656565880e-01 1.926835110817748955e+02
8.570707070707070940e-01 1.860605521313075315e+02
9.175757575757576001e-01 1.789988748545114845e+02
9.780808080808081062e-01 1.716797487803555669e+02
1.038585858585858501e+00 1.642430159743855427e+02
1.099090909090909118e+00 1.567958186958775002e+02
1.159595959595959735e+00 1.494195069874596697e+02
1.220101010101010131e+00 1.421751010820748320e+02
1.280606060606060526e+00 1.351076109662175497e+02
1.341111111111111143e+00 1.282494538959371368e+02
1.401616161616161760e+00 1.216231602832064027e+02
1.462121212121212155e+00 1.152435179543863484e+02
1.522626262626262550e+00 1.091192727390372710e+02
1.583131313131313167e+00 1.032544781143462700e+02
1.643636363636363784e+00 9.764956683388231795e+01
1.704141414141414179e+00 9.230220196434726176e+01
1.764646464646464574e+00 8.720795261430976097e+01
1.825151515151515191e+00 8.236083012891531041e+01
1.885656565656565808e+00 7.775371306584776221e+01
1.946161616161616204e+00 7.337868340861982119e+01
2.006666666666666377e+00 6.922729186194978013e+01
2.067171717171716772e+00 6.529076643740629038e+01
2.127676767676767611e+00 6.156017566334919167e+01
2.188181818181818006e+00 5.802655547674805092e+01
2.248686868686868401e+00 5.468100704737953066e+01
2.309191919191919240e+00 5.151477134725885776e+01
2.369696969696969635e+00 4.851928513207647597e+01
2.430202020202020030e+00 4.568622208576947230e+01
2.490707070707070425e+00 4.300752214645059723e+01
2.551212121212120820e+00 4.047541144414006453e+01
2.611717171717171659e+00 3.808241480852649374e+01
2.672222222222222054e+00 3.582136242498138756e+01
2.732727272727272450e+00 3.368539191081070072e+01
2.793232323232323289e+00 3.166794683654512710e+01
2.853737373737373684e+00 2.976277251736889795e+01
2.914242424242424079e+00 2.796390973823453052e+01
2.974747474747474474e+00 2.626568694540715043e+01
3.035252525252524869e+00 2.466271133123636261e+01
3.095757575757575708e+00 2.314985915304198016e+01
3.156262626262626103e+00 2.172226555830923189e+01
3.216767676767676498e+00 2.037531412444441870e+01
3.277272727272727337e+00 1.910462630172927234e+01
3.337777777777777732e+00 1.790605085873551161e+01
3.398282828282828127e+00 1.677565346482706587e+01
3.458787878787878523e+00 1.570970646782914315e+01
3.519292929292928918e+00 1.470467893151847250e+01
3.579797979797979757e+00 1.375722697437878672e+01
3.640303030303030152e+00 1.286418443935707501e+01
3.700808080808080547e+00 1.202255391426191977e+01
3.761313131313131386e+00 1.122949811440730628e+01
3.821818181818181781e+00 1.048233163276294100e+01
3.882323232323232176e+00 9.778513057885055204e+00
3.942828282828282571e+00 9.115637456043799602e+00
4.003333333333332966e+00 8.491429210994558829e+00
4.063838383838383805e+00 7.903735212617451822e+00
4.124343434343433756e+00 7.350518384207759937e+00
4.184848484848484595e+00 6.829851535409605212e+00
4.245353535353535435e+00 6.339911532729660237e+00
4.305858585858585386e+00 5.878973767635821801e+00
4.366363636363636225e+00 5.445406916337912406e+00
4.426868686868687064e+00 5.037667973848351188e+00
4.487373737373737015e+00 4.654297550753003776e+00
4.547878787878787854e+00 4.293915419712963200e+00
4.608383838383838693e+00 3.955216299225349452e+00
4.668888888888888644e+00 3.636965862545902262e+00
4.729393939393939483e+00 3.337996960094826271e+00
4.789898989898989434e+00 3.057206044112670273e+00
4.850404040404040273e+00 2.793549784805609448e+00
4.910909090909091113e+00 2.546041867693253469e+00
4.971414141414141064e+00 2.313749962356355105e+00
5.031919191919191903e+00 2.095792853256150057e+00
5.092424242424241854e+00 1.891337723768168555e+00
5.152929292929292693e+00 1.699597585031564995e+00
5.213434343434343532e+00 1.519828841537593567e+00
5.273939393939393483e+00 1.351328986696656465e+00
5.334444444444444322e+00 1.193434419266829360e+00
5.394949494949495161e+00 1.045518376718858722e+00
5.455454545454545112e+00 9.069889769987338202e-01
5.515959595959595951e+00 7.772873636775110562e-01
5.576464646464646790e+00 6.558859485855164095e-01
5.636969696969696741e+00 5.422867466575044260e-01
5.697474747474747581e+00 4.360197980167945797e-01
5.757979797979797532e+00 3.366416725240173879e-01
5.818484848484848371e+00 2.437340523509039514e-01
5.878989898989899210e+00 1.569023883835644617e-01
5.939494949494949161e+00 7.577462650072931682e-02
6.000000000000000000e+00 0.000000000000000000e+00
