1.000000000000000021e-02 -9.523113704502821353e-01
7.050505050505050109e-02 -3.408293255035563796e-01
1.310101010101010210e-01 4.151985916621668826e-01
1.915151515151515271e-01 1.171570271503477922e+00
2.520202020202020332e-01 1.874730143282722361e+00
3.125252525252525393e-01 2.500372343104241502e+00
3.730303030303030454e-01 3.038580159407976211e+00
4.335353535353535515e-01 3.487499250769158898e+00
4.940404040404040575e-01 3.849982254453580666e+00
5.545454545454545636e-01 4.131596732760899116e+00
6.150505050505050697e-01 4.339370547620554852e+00
6.755555555555555758e-01 4.480980253413497039e+00
7.360606060606060819e-01 4.564223920891669728e+00
7.965656565656565880e-01 4.596684009716516250e+00
8.570707070707070940e-01 4.585519945125818175e+00
9.175757575757576001e-01 4.537349881683065078e+00
9.780808080808081062e-01 4.458193588805659857e+00
1.038585858585858501e+00 4.353456670102181292e+00
1.099090909090909118e+00 4.227942055340795591e+00
1.159595959595959735e+00 4.085878770277052041e+00
1.220101010101010131e+00 3.930960920983449292e+00
1.280606060606060526e+00 3.766391957654045441e+00
1.341111111111111143e+00 3.594930830180091519e+00
1.401616161616161760e+00 3.418937768773125274e+00
1.462121212121212155e+00 3.240418231709266461e+00
1.522626262626262550e+00 3.061064134876388731e+00
1.583131313131313167e+00 2.882291886086491672e+00
1.643636363636363784e+00 2.705277023648231527e+00
1.704141414141414179e+00 2.530985448326316334e+00
1.764646464646464574e+00 2.360201359728886672e+00
1.825151515151515191e+00 2.193552083520522888e+00
1.885656565656565808e+00 2.031530017945876843e+00
1.946161616161616204e+00 1.874511947683742852e+00
2.006666666666666377e+00 1.722775976228376527e+00
2.067171717171716772e+00 1.576516322329833075e+00
2.127676767676767611e+00 1.435856212753173988e+00
2.188181818181818006e+00 1.300859087589903096e+00
2.248686868686868401e+00 1.171538316203033503e+00
2.309191919191919240e+00 1.047865603340046636e+00
2.369696969696969635e+00 9.297782467301706211e-01
2.430202020202020030e+00 8.171853901233817608e-01
2.490707070707070425e+00 7.099733995763306549e-01
2.551212121212120820e+00 6.080104757864895904e-01
2.611717171717171659e+00 5.111506020841878328e-01
2.672222222222222054e+00 4.192369151214948020e-01
2.732727272727272450e+00 3.321045748642410533e-01
2.793232323232323289e+00 2.495832006101392775e-01
2.853737373737373684e+00 1.714989313487984002e-01
2.914242424242424079e+00 9.767616126130028442e-02
2.974747474747474474e+00 2.793899457829581226e-02
3.035252525252524869e+00 -3.788754174756681775e-02
3.095757575757575708e+00 -9.997649413846926292e-02
3.156262626262626103e+00 -1.584981582372368136e-01
3.216767676767676498e+00 -2.136194093064812116e-01
3.277272727272727337e+00 -2.655031653814739490e-01
3.337777777777777732e+00 -3.143079641226050880e-01
3.398282828282828127e+00 -3.601876370141192107e-01
3.458787878787878523e+00 -4.032910667679960315e-01
3.519292929292928918e+00 -4.437620153916030930e-01
3.579797979797979757e+00 -4.817390124247368233e-01
3.640303030303030152e+00 -5.173552940374004372e-01
3.700808080808080547e+00 -5.507387850085545544e-01
3.761313131313131386e+00 -5.820121166763406739e-01
3.821818181818181781e+00 -6.112926748890870066e-01
3.882323232323232176e+00 -6.386926728011581567e-01
3.942828282828282571e+00 -6.643192440649933195e-01
4.003333333333332966e+00 -6.882745525899583994e-01
4.063838383838383805e+00 -7.106559155312477394e-01
4.124343434343433756e+00 -7.315559367629043130e-01
4.184848484848484595e+00 -7.510626482651342473e-01
4.245353535353535435e+00 -7.692596574413894661e-01
4.305858585858585386e+00 -7.862262985398169590e-01
4.366363636363636225e+00 -8.020377866369585718e-01
4.426868686868687064e+00 -8.167653729518962180e-01
4.487373737373737015e+00 -8.304765003121945544e-01
4.547878787878787854e+00 -8.432349579038831422e-01
4.608383838383838693e+00 -8.551010345075009678e-01
4.668888888888888644e+00 -8.661316695763824347e-01
4.729393939393939483e+00 -8.763806016220689887e-01
4.789898989898989434e+00 -8.858985134689209007e-01
4.850404040404040273e+00 -8.947331740239564679e-01
4.910909090909091113e+00 -9.029295762823922322e-01
4.971414141414141064e+00 -9.105300713405276580e-01
5.031919191919191903e+00 -9.175744982755553725e-01
5.092424242424241854e+00 -9.241003097445249503e-01
5.152929292929292693e+00 -9.301426932461732688e-01
5.213434343434343532e+00 -9.357346879948356122e-01
5.273939393939393483e+00 -9.409072973938933382e-01
5.334444444444444322e+00 -9.456895971203245210e-01
5.394949494949495161e+00 -9.501088388530432027e-01
5.455454545454545112e+00 -9.541905496957945321e-01
5.515959595959595951e+00 -9.579586273604415725e-01
5.576464646464646790e+00 -9.614354311890169758e-01
5.636969696969696741e+00 -9.646418691033757931e-01
5.697474747474747581e+00 -9.675974805796278000e-01
5.757979797979797532e+00 -9.703205157514185331e-01
5.818484848484848371e+00 -9.728280107513722630e-01
5.878989898989899210e+00 -9.751358594042298655e-01
5.939494949494949161e+00 -9.772588813877640668e-01
6.000000000000000000e+00 -9.792108869802328419e-01
