1.000000000000000021e-02 -9.872573143662369821e-01
7.102040816326531114e-02 -8.170474846476164510e-01
1.320408163265306134e-01 -5.972297295936689343e-01
1.930612244897959295e-01 -3.676845795764163149e-01
2.540816326530612179e-01 -1.450371460040201232e-01
3.151020408163265341e-01 6.181512072728723162e-02
3.761224489795918502e-01 2.481137693847584313e-01
4.371428571428571663e-01 4.116813933756543475e-01
4.981632653061224825e-01 5.520307513792684917e-01
5.591836734693877986e-01 6.697785270761115184e-01
6.202040816326530592e-01 7.662348293692670120e-01
6.812244897959184309e-01 8.431106687387532883e-01
7.422448979591836915e-01 9.023110877731398416e-01
8.032653061224490632e-01 9.457922794584349147e-01
8.642857142857143238e-01 9.754665401476230180e-01
9.253061224489796954e-01 9.931424981327685586e-01
9.863265306122449561e-01 1.000490807308839436e+00
1.047346938775510328e+00 9.990277385074056715e-01
1.108367346938775588e+00 9.901109444017786032e-01
1.169387755102040849e+00 9.749431625858443473e-01
1.230408163265306110e+00 9.545807963242557426e-01
1.291428571428571592e+00 9.299452130333611954e-01
1.352448979591836853e+00 9.018352809110177226e-01
1.413469387755102114e+00 8.709401599511784609e-01
1.474489795918367374e+00 8.378517226175221655e-01
1.535510204081632635e+00 8.030762311946694210e-01
1.596530612244898117e+00 7.670450723121694514e-01
1.657551020408163378e+00 7.301244654036974646e-01
1.718571428571428639e+00 6.926241372775825411e-01
1.779591836734693899e+00 6.548050017251328958e-01
1.840612244897959382e+00 6.168859100768692150e-01
1.901632653061224643e+00 5.790495522856388133e-01
1.962653061224489903e+00 5.414475930269679882e-01
2.023673469387754942e+00 5.042051266438503099e-01
2.084693877551020424e+00 4.674245307721461296e-01
2.145714285714285463e+00 4.311887925941615962e-01
2.206734693877550946e+00 3.955643749322507730e-01
2.267755102040816428e+00 3.606036824129927876e-01
2.328775510204081467e+00 3.263471811194756933e-01
2.389795918367346950e+00 2.928252187308735266e-01
2.450816326530611988e+00 2.600595862556184801e-01
2.511836734693877471e+00 2.280648571362788313e-01
2.572857142857142954e+00 1.968495347585050570e-01
2.633877551020407992e+00 1.664170352027093402e-01
2.694897959183673475e+00 1.367665283988517833e-01
2.755918367346938513e+00 1.078936576493733368e-01
2.816938775510203996e+00 7.979115467378840310e-02
2.877959183673469479e+00 5.244936495679380917e-02
2.938979591836734517e+00 2.585669609346986572e-02
3.000000000000000000e+00 0.000000000000000000e+00
