1.000000000000000021e-02 -9.865832743311602204e-01
7.102040816326531114e-02 -8.036468466464085081e-01
1.320408163265306134e-01 -5.629382327009986309e-01
1.930612244897959295e-01 -3.080176973034411403e-01
2.540816326530612179e-01 -5.748014326451931361e-02
3.151020408163265341e-01 1.784892598119136586e-01
3.761224489795918502e-01 3.941793455710479455e-01
4.371428571428571663e-01 5.866454815053337990e-01
4.981632653061224825e-01 7.547579653329434812e-01
5.591836734693877986e-01 8.985960340190742857e-01
6.202040816326530592e-01 1.019033785665760972e+00
6.812244897959184309e-01 1.117447583379531650e+00
7.422448979591836915e-01 1.195506989536382347e+00
8.032653061224490632e-01 1.255025899171808179e+00
8.642857142857143238e-01 1.297858058346166521e+00
9.253061224489796954e-01 1.325825549447580132e+00
9.863265306122449561e-01 1.340671704853851454e+00
1.047346938775510328e+00 1.344031962578326356e+00
1.108367346938775588e+00 1.337417718704367875e+00
1.169387755102040849e+00 1.322209419877683034e+00
1.230408163265306110e+00 1.299656064302221914e+00
1.291428571428571592e+00 1.270878999563357148e+00
1.352448979591836853e+00 1.236878462486102448e+00
1.413469387755102114e+00 1.198541733356932593e+00
1.474489795918367374e+00 1.156652101179163061e+00
1.535510204081632635e+00 1.111898080276400025e+00
1.596530612244898117e+00 1.064882499485095613e+00
1.657551020408163378e+00 1.016131217865971159e+00
1.718571428571428639e+00 9.661013168339773749e-01
1.779591836734693899e+00 9.151886869126624191e-01
1.840612244897959382e+00 8.637349749919673858e-01
1.901632653061224643e+00 8.120338904120568690e-01
1.962653061224489903e+00 7.603368895334271516e-01
2.023673469387754942e+00 7.088582717548207457e-01
2.084693877551020424e+00 6.577797275787740094e-01
2.145714285714285463e+00 6.072543829482205391e-01
2.206734693877550946e+00 5.574103850031882912e-01
2.267755102040816428e+00 5.083540735193743387e-01
2.328775510204081467e+00 4.601727802584674176e-01
2.389795918367346950e+00 4.129372957542533085e-01
2.450816326530611988e+00 3.667040399985201926e-01
2.511836734693877471e+00 3.215169703104369114e-01
2.572857142857142954e+00 2.774092565121556442e-01
2.633877551020407992e+00 2.344047505011436772e-01
2.694897959183673475e+00 1.925192744492656149e-01
2.755918367346938513e+00 1.517617492151894787e-01
2.816938775510203996e+00 1.121351821363244933e-01
2.877959183673469479e+00 7.363753116903500040e-02
2.938979591836734517e+00 3.626246037881062506e-02
3.000000000000000000e+00 0.000000000000000000e+00
