1.000000000000000021e-02 -9.579630048716456514e-01
7.050505050505050109e-02 -3.986119758388789180e-01
1.310101010101010210e-01 3.249178084755008356e-01
1.915151515151515271e-01 1.082738341094949375e+00
2.520202020202020332e-01 1.823592055276043622e+00
3.125252525252525393e-01 2.521525136011678381e+00
3.730303030303030454e-01 3.163090895228927391e+00
4.335353535353535515e-01 3.741989242660035409e+00
4.940404040404040575e-01 4.256273714124638730e+00
5.545454545454545636e-01 4.706714406150959817e+00
6.150505050505050697e-01 5.095769605593451601e+00
6.755555555555555758e-01 5.426912619698450513e+00
7.360606060606060819e-01 5.704180919139225203e+00
7.965656565656565880e-01 5.931871293939397383e+00
8.570707070707070940e-01 6.114334100505963043e+00
9.175757575757576001e-01 6.255836207701110929e+00
9.780808080808081062e-01 6.360472178045662339e+00
1.038585858585858501e+00 6.432109508693150346e+00
1.099090909090909118e+00 6.474357913768197470e+00
1.159595959595959735e+00 6.490555471504043439e+00
1.220101010101010131e+00 6.483766452325702367e+00
1.280606060606060526e+00 6.456787071296810510e+00
1.341111111111111143e+00 6.412156437090123617e+00
1.401616161616161760e+00 6.352170730567738843e+00
1.462121212121212155e+00 6.278899197757723982e+00
1.522626262626262550e+00 6.194200954221573241e+00
1.583131313131313167e+00 6.099741899799973055e+00
1.643636363636363784e+00 5.997011265612615993e+00
1.704141414141414179e+00 5.887337478570785265e+00
1.764646464646464574e+00 5.771903147671591405e+00
1.825151515151515191e+00 5.651759062234821052e+00
1.885656565656565808e+00 5.527837153438537321e+00
1.946161616161616204e+00 5.400962413339437163e+00
2.006666666666666377e+00 5.271863794835061512e+00
2.067171717171716772e+00 5.141184135229296182e+00
2.127676767676767611e+00 5.009489158042171653e+00
2.188181818181818006e+00 4.877275614366689105e+00
2.248686868686868401e+00 4.744978627964575146e+00
2.309191919191919240e+00 4.612978308553854490e+00
2.369696969696969635e+00 4.481605696445634557e+00
2.430202020202020030e+00 4.351148098285027466e+00
2.490707070707070425e+00 4.221853871415382820e+00
2.551212121212120820e+00 4.093936709354726311e+00
2.611717171717171659e+00 3.967579477603273563e+00
2.672222222222222054e+00 3.842937644737155267e+00
2.732727272727272450e+00 3.720142349885427802e+00
2.793232323232323289e+00 3.599303143936399163e+00
2.853737373737373684e+00 3.480510438306369192e+00
2.914242424242424079e+00 3.363837691825590781e+00
2.974747474747474474e+00 3.249343363256741224e+00
3.035252525252524869e+00 3.137072654215126821e+00
3.095757575757575708e+00 3.027059064675008404e+00
3.156262626262626103e+00 2.919325780997415798e+00
3.216767676767676498e+00 2.813886914302472952e+00
3.277272727272727337e+00 2.710748605141457990e+00
3.337777777777777732e+00 2.609910008733605569e+00
3.398282828282828127e+00 2.511364173513945808e+00
3.458787878787878523e+00 2.415098824379166675e+00
3.519292929292928918e+00 2.321097060799007572e+00
3.579797979797979757e+00 2.229337978871763326e+00
3.640303030303030152e+00 2.139797225428570648e+00
3.700808080808080547e+00 2.052447491420901216e+00
3.761313131313131386e+00 1.967258951050459226e+00
3.821818181818181781e+00 1.884199652408965697e+00
3.882323232323232176e+00 1.803235864764988206e+00
3.942828282828282571e+00 1.724332387124184685e+00
4.003333333333332966e+00 1.647452822130164529e+00
4.063838383838383805e+00 1.572559819003692017e+00
4.124343434343433756e+00 1.499615288786083633e+00
4.184848484848484595e+00 1.428580594818150029e+00
4.245353535353535435e+00 1.359416721074214074e+00
4.305858585858585386e+00 1.292084420689594726e+00
4.366363636363636225e+00 1.226544346781810235e+00
4.426868686868687064e+00 1.162757167433965844e+00
4.487373737373737015e+00 1.100683666519499670e+00
4.547878787878787854e+00 1.040284831868906856e+00
4.608383838383838693e+00 9.815219321275125974e-01
4.668888888888888644e+00 9.243565834760890665e-01
4.729393939393939483e+00 8.687508073722868263e-01
4.789898989898989434e+00 8.146670801713130627e-01
4.850404040404040273e+00 7.620683755730777165e-01
4.910909090909091113e+00 7.109182006383317765e-01
4.971414141414141064e+00 6.611806260755302977e-01
5.031919191919191903e+00 6.128203114216871361e-01
5.092424242424241854e+00 5.658025256766820998e-01
5.152929292929292693e+00 5.200931638927465128e-01
5.213434343434343532e+00 4.756587601688041511e-01
5.273939393939393483e+00 4.324664974536056583e-01
5.334444444444444322e+00 3.904842145193143099e-01
5.394949494949495161e+00 3.496804104306549532e-01
5.455454545454545112e+00 3.100242468013455488e-01
5.515959595959595951e+00 2.714855480955555289e-01
5.576464646464646790e+00 2.340348002172366604e-01
5.636969696969696741e+00 1.976431475869070142e-01
5.697474747474747581e+00 1.622823889015818366e-01
5.757979797979797532e+00 1.279249717439976675e-01
5.818484848484848371e+00 9.454398619289980377e-02
5.878989898989899210e+00 6.211315756974270658e-02
5.939494949494949161e+00 3.060683844194571346e-02
6.000000000000000000e+00 0.000000000000000000e+00
