1.000000000000000021e-02 3.288716624759195906e+00
7.050505050505050109e-02 5.250686137150067623e+01
1.310101010101010210e-01 1.042469038480758599e+02
1.915151515151515271e-01 1.484915500770939616e+02
2.520202020202020332e-01 1.837617199607970804e+02
3.125252525252525393e-01 2.106001719650584505e+02
3.730303030303030454e-01 2.301188317564628676e+02
4.335353535353535515e-01 2.435146367689998783e+02
4.940404040404040575e-01 2.518966360955736548e+02
5.545454545454545636e-01 2.562313595855466701e+02
6.150505050505050697e-01 2.573356998174543833e+02
6.755555555555555758e-01 2.558883842283668741e+02
7.360606060606060819e-01 2.524476097775867629e+02
7.965656565656565880e-01 2.474694743607379053e+02
8.570707070707070940e-01 2.413250039321980012e+02
9.175757575757576001e-01 2.343150172169223424e+02
9.780808080808081062e-01 2.266827192372950321e+02
1.038585858585858501e+00 2.186241901436865760e+02
1.099090909090909118e+00 2.102970341799128278e+02
1.159595959595959735e+00 2.018274700221409148e+02
1.220101010101010131e+00 1.933161244531766840e+02
1.280606060606060526e+00 1.848427589448431263e+02
1.341111111111111143e+00 1.764701235566810738e+02
1.401616161616161760e+00 1.682470998745758095e+02
1.462121212121212155e+00 1.602112656969077022e+02
1.522626262626262550e+00 1.523909897537292295e+02
1.583131313131313167e+00 1.448071443839003791e+02
1.643636363636363784e+00 1.374745074202092496e+02
1.704141414141414179e+00 1.304029109558696859e+02
1.764646464646464574e+00 1.235981837238893064e+02
1.825151515151515191e+00 1.170629248486502547e+02
1.885656565656565808e+00 1.107971397307683645e+02
1.946161616161616204e+00 1.047987629180917963e+02
2.006666666666666377e+00 9.906408824702872096e+01
2.067171717171716772e+00 9.358812275838350558e+01
2.127676767676767611e+00 8.836487786121227828e+01
2.188181818181818006e+00 8.338760876191177829e+01
2.248686868686868401e+00 7.864901118383487244e+01
2.309191919191919240e+00 7.414138278470500154e+01
2.369696969696969635e+00 6.985675536117905438e+01
2.430202020202020030e+00 6.578700285744649534e+01
2.490707070707070425e+00 6.192392931496450359e+01
2.551212121212120820e+00 5.825934018360271693e+01
2.611717171717171659e+00 5.478509982422123414e+01
2.672222222222222054e+00 5.149317754858875418e+01
2.732727272727272450e+00 4.837568414375162007e+01
2.793232323232323289e+00 4.542490049902084337e+01
2.853737373737373684e+00 4.263329968200741860e+01
2.914242424242424079e+00 3.999356358522284438e+01
2.974747474747474474e+00 3.749859507866302977e+01
3.035252525252524869e+00 3.514152644672156356e+01
3.095757575757575708e+00 3.291572476480305198e+01
3.156262626262626103e+00 3.081479475875719132e+01
3.216767676767676498e+00 2.883257959619689359e+01
3.277272727272727337e+00 2.696316000135312052e+01
3.337777777777777732e+00 2.520085200310930773e+01
3.398282828282828127e+00 2.354020358573525229e+01
3.458787878787878523e+00 2.197599046431747993e+01
3.519292929292928918e+00 2.050321117082836153e+01
3.579797979797979757e+00 1.911708160611348006e+01
3.640303030303030152e+00 1.781302918731873675e+01
3.700808080808080547e+00 1.658668669866300860e+01
3.761313131313131386e+00 1.543388593528435493e+01
3.821818181818181781e+00 1.435065121439806468e+01
3.882323232323232176e+00 1.333319281687972158e+01
3.942828282828282571e+00 1.237790040601832686e+01
4.003333333333332966e+00 1.148133647105621691e+01
4.063838383838383805e+00 1.064022982490534019e+01
4.124343434343433756e+00 9.851466466702673230e+00
4.184848484848484595e+00 9.112094373102179290e+00
4.245353535353535435e+00 8.419300293739860663e+00
4.305858585858585386e+00 7.770417383548467782e+00
4.366363636363636225e+00 7.162907805991503452e+00
4.426868686868687064e+00 6.594370058898706866e+00
4.487373737373737015e+00 6.062524476627622505e+00
4.547878787878787854e+00 5.565210092617468796e+00
4.608383838383838693e+00 5.100379389862548685e+00
4.668888888888888644e+00 4.666093221309135508e+00
4.729393939393939483e+00 4.260515900177772153e+00
4.789898989898989434e+00 3.881910460075097546e+00
4.850404040404040273e+00 3.528634081853389226e+00
4.910909090909091113e+00 3.199133687132482251e+00
4.971414141414141064e+00 2.891941694498735504e+00
5.031919191919191903e+00 2.605671935978048914e+00
5.092424242424241854e+00 2.339015730455677122e+00
5.152929292929292693e+00 2.090738110560105945e+00
5.213434343434343532e+00 1.859674199346771362e+00
5.273939393939393483e+00 1.644725732981819233e+00
5.334444444444444322e+00 1.444857725529217207e+00
5.394949494949495161e+00 1.259095271880743327e+00
5.455454545454545112e+00 1.086520484830399313e+00
5.515959595959595951e+00 9.262695622821762731e-01
5.576464646464646790e+00 7.775299805810010900e-01
5.636969696969696741e+00 6.395378099803560312e-01
5.697474747474747581e+00 5.115751482884602908e-01
5.757979797979797532e+00 3.929676687803583257e-01
5.818484848484848371e+00 2.830822785127607988e-01
5.878989898989899210e+00 1.813248832390295384e-01
5.939494949494949161e+00 8.713825518281949345e-02
6.000000000000000000e+00 0.000000000000000000e+00
