1.000000000000000021e-02 -8.679896709019752077e-01
7.102040816326531114e-02 8.455174462214216646e-01
1.320408163265306134e-01 2.973753234853951266e+00
1.930612244897959295e-01 5.100484513997228575e+00
2.540816326530612179e-01 7.060292947991166024e+00
3.151020408163265341e-01 8.773328096585101932e+00
3.761224489795918502e-01 1.020526522012545811e+01
4.371428571428571663e-01 1.134925905837776305e+01
4.981632653061224825e-01 1.221550432294500155e+01
5.591836734693877986e-01 1.282444991017852765e+01
6.202040816326530592e-01 1.320217698515768490e+01
6.812244897959184309e-01 1.337722624488230316e+01
7.422448979591836915e-01 1.337845577602745273e+01
8.032653061224490632e-01 1.323364710824235857e+01
8.642857142857143238e-01 1.296865338571497439e+01
9.253061224489796954e-01 1.260693441924446567e+01
9.863265306122449561e-01 1.216936116243278576e+01
1.047346938775510328e+00 1.167420160126771833e+01
1.108367346938775588e+00 1.113722321472777033e+01
1.169387755102040849e+00 1.057186522819533181e+01
1.230408163265306110e+00 9.989447731700535016e+00
1.291428571428571592e+00 9.399395148486325624e+00
1.352448979591836853e+00 8.809459213159847479e+00
1.413469387755102114e+00 8.225932149768627966e+00
1.474489795918367374e+00 7.653844649488707574e+00
1.535510204081632635e+00 7.097145932420391823e+00
1.596530612244898117e+00 6.558864977009550401e+00
1.657551020408163378e+00 6.041253157186368128e+00
1.718571428571428639e+00 5.545909233039833630e+00
1.779591836734693899e+00 5.073888035216773673e+00
1.840612244897959382e+00 4.625794366693017245e+00
1.901632653061224643e+00 4.201863692717425103e+00
1.962653061224489903e+00 3.802031149258429554e+00
2.023673469387754942e+00 3.425990309518588184e+00
2.084693877551020424e+00 3.073243029830588835e+00
2.145714285714285463e+00 2.743142186924298898e+00
2.206734693877550946e+00 2.434924026889861981e+00
2.267755102040816428e+00 2.147744084426668643e+00
2.328775510204081467e+00 1.880695786619136278e+00
2.389795918367346950e+00 1.632834158440412242e+00
2.450816326530611988e+00 1.403192224251034625e+00
2.511836734693877471e+00 1.190794978761187339e+00
2.572857142857142954e+00 9.946707655980404628e-01
2.633877551020407992e+00 8.138604569877764261e-01
2.694897959183673475e+00 6.474247718749520653e-01
2.755918367346938513e+00 4.944500212516229620e-01
2.816938775510203996e+00 3.540525277130801007e-01
2.877959183673469479e+00 2.253819300510962742e-01
2.938979591836734517e+00 1.076235536950175264e-01
3.000000000000000000e+00 0.000000000000000000e+00
