1.000000000000000021e-02 -9.524904344128612976e-01
7.050505050505050109e-02 -3.368614641361423190e-01
1.310101010101010210e-01 4.354348635525105982e-01
1.915151515151515271e-01 1.217676397200792904e+00
2.520202020202020332e-01 1.952213342422570497e+00
3.125252525252525393e-01 2.610969436273538058e+00
3.730303030303030454e-01 3.181086339560319054e+00
4.335353535353535515e-01 3.658670466298153734e+00
4.940404040404040575e-01 4.045340506681335491e+00
5.545454545454545636e-01 4.346077749724185146e+00
6.150505050505050697e-01 4.567805844041306074e+00
6.755555555555555758e-01 4.718430158685985809e+00
7.360606060606060819e-01 4.806187810331544519e+00
7.965656565656565880e-01 4.839215622459421162e+00
8.570707070707070940e-01 4.825273293749376968e+00
9.175757575757576001e-01 4.771577179334427932e+00
9.780808080808081062e-01 4.684712155000836376e+00
1.038585858585858501e+00 4.570597614850707480e+00
1.099090909090909118e+00 4.434489987729456573e+00
1.159595959595959735e+00 4.281008917494356858e+00
1.220101010101010131e+00 4.114177841617908449e+00
1.280606060606060526e+00 3.937472401386262089e+00
1.341111111111111143e+00 3.753872128979816036e+00
1.401616161616161760e+00 3.565912340850606377e+00
1.462121212121212155e+00 3.375734247403765487e+00
1.522626262626262550e+00 3.185132064051376943e+00
1.583131313131313167e+00 2.995596454893309168e+00
1.643636363636363784e+00 2.808354016985965096e+00
1.704141414141414179e+00 2.624402765888014688e+00
1.764646464646464574e+00 2.444543746397542350e+00
1.825151515151515191e+00 2.269408991963564048e+00
1.885656565656565808e+00 2.099486111070270944e+00
1.946161616161616204e+00 1.935139804022213417e+00
2.006666666666666377e+00 1.776630616371854376e+00
2.067171717171716772e+00 1.624131227883777173e+00
2.127676767676767611e+00 1.477740557692310386e+00
2.188181818181818006e+00 1.337495945639190831e+00
2.248686868686868401e+00 1.203383646304233778e+00
2.309191919191919240e+00 1.075350136926682909e+00
2.369696969696969635e+00 9.532984111257669646e-01
2.430202020202020030e+00 8.371174808691512759e-01
2.490707070707070425e+00 7.266651447762082494e-01
2.551212121212120820e+00 6.217842431203505216e-01
2.611717171717171659e+00 5.223044591393318781e-01
2.672222222222222054e+00 4.280457838854550556e-01
2.732727272727272450e+00 3.388214425629044735e-01
2.793232323232323289e+00 2.544403572248211121e-01
2.853737373737373684e+00 1.747092107202641575e-01
2.914242424242424079e+00 9.943416806262356245e-02
2.974747474747474474e+00 2.842230379331713019e-02
3.035252525252524869e+00 -3.851722269105447433e-02
3.095757575757575708e+00 -1.015722076112191147e-01
3.156262626262626103e+00 -1.609266278001078299e-01
3.216767676767676498e+00 -2.167600232991143405e-01
3.277272727272727337e+00 -2.692470142043603687e-01
3.337777777777777732e+00 -3.185569317799209488e-01
3.398282828282828127e+00 -3.648535466852513842e-01
3.458787878787878523e+00 -4.082948792166877783e-01
3.519292929292928918e+00 -4.490330789522424260e-01
3.579797979797979757e+00 -4.872143627107621833e-01
3.640303030303030152e+00 -5.229790013632722445e-01
3.700808080808080547e+00 -5.564613473508983610e-01
3.761313131313131386e+00 -5.877898959111448329e-01
3.821818181818181781e+00 -6.170873740033583355e-01
3.882323232323232176e+00 -6.444708517784570878e-01
3.942828282828282571e+00 -6.700518721750687856e-01
4.003333333333332966e+00 -6.939365948635290993e-01
4.063838383838383805e+00 -7.162259512825429608e-01
4.124343434343433756e+00 -7.370158080735280670e-01
4.184848484848484595e+00 -7.563971364692316790e-01
4.245353535353535435e+00 -7.744561857228574597e-01
4.305858585858585386e+00 -7.912746588252538293e-01
4.366363636363636225e+00 -8.069298891564193887e-01
4.426868686868687064e+00 -8.214950167841005291e-01
4.487373737373737015e+00 -8.350391634668509200e-01
4.547878787878787854e+00 -8.476276055035354418e-01
4.608383838383838693e+00 -8.593219437435569708e-01
4.668888888888888644e+00 -8.701802701943983642e-01
4.729393939393939483e+00 -8.802573307712794337e-01
4.789898989898989434e+00 -8.896046838269782153e-01
4.850404040404040273e+00 -8.982708541817729930e-01
4.910909090909091113e+00 -9.063014824294913785e-01
4.971414141414141064e+00 -9.137394693918605704e-01
5.031919191919191903e+00 -9.206251155839433320e-01
5.092424242424241854e+00 -9.269962556536255338e-01
5.152929292929292693e+00 -9.328883877623086462e-01
5.213434343434343532e+00 -9.383347979155014507e-01
5.273939393939393483e+00 -9.433666792762935849e-01
5.334444444444444322e+00 -9.480132465174189171e-01
5.394949494949495161e+00 -9.523018452857816563e-01
5.455454545454545112e+00 -9.562580568686204208e-01
5.515959595959595951e+00 -9.599057981631906600e-01
5.576464646464646790e+00 -9.632674170619590637e-01
5.636969696969696741e+00 -9.663637833734833871e-01
5.697474747474747581e+00 -9.692143754055801974e-01
5.757979797979797532e+00 -9.718373623421090457e-01
5.818484848484848371e+00 -9.742496825483153433e-01
5.878989898989899210e+00 -9.764671179419337488e-01
5.939494949494949161e+00 -9.785043645686477554e-01
6.000000000000000000e+00 -9.803750995209671304e-01
