1.000000000000000021e-02 -9.572281502563363409e-01
7.050505050505050109e-02 -4.411267781792673759e-01
1.310101010101010210e-01 1.440066457965814284e-01
1.915151515151515271e-01 6.886858514616427396e-01
2.520202020202020332e-01 1.167510453862655062e+00
3.125252525252525393e-01 1.576856356586163965e+00
3.730303030303030454e-01 1.920736077472451120e+00
4.335353535353535515e-01 2.205770986718235349e+00
4.940404040404040575e-01 2.439146339482151760e+00
5.545454545454545636e-01 2.627755003194751193e+00
6.150505050505050697e-01 2.777861731425088632e+00
6.755555555555555758e-01 2.895004861095940019e+00
7.360606060606060819e-01 2.984006082842961316e+00
7.965656565656565880e-01 3.049026625546644276e+00
8.570707070707070940e-01 3.093639953008360255e+00
9.175757575757576001e-01 3.120906598207316307e+00
9.780808080808081062e-01 3.133444538763933362e+00
1.038585858585858501e+00 3.133492446735842485e+00
1.099090909090909118e+00 3.122965112040401170e+00
1.159595959595959735e+00 3.103501287462997027e+00
1.220101010101010131e+00 3.076504622074356821e+00
1.280606060606060526e+00 3.043178495282338414e+00
1.341111111111111143e+00 3.004555571948568371e+00
1.401616161616161760e+00 2.961522842659103372e+00
1.462121212121212155e+00 2.914842830796540607e+00
1.522626262626262550e+00 2.865171559421823666e+00
1.583131313131313167e+00 2.813073785945012784e+00
1.643636363636363784e+00 2.759035935529686956e+00
1.704141414141414179e+00 2.703477096603596141e+00
1.764646464646464574e+00 2.646758383747148891e+00
1.825151515151515191e+00 2.589190923898653462e+00
1.885656565656565808e+00 2.531042680251474941e+00
1.946161616161616204e+00 2.472544293408136085e+00
2.006666666666666377e+00 2.413894090250496394e+00
2.067171717171716772e+00 2.355262386726297397e+00
2.127676767676767611e+00 2.296795190549636434e+00
2.188181818181818006e+00 2.238617392920914106e+00
2.248686868686868401e+00 2.180835524373585965e+00
2.309191919191919240e+00 2.123540138089889950e+00
2.369696969696969635e+00 2.066807874244017462e+00
2.430202020202020030e+00 2.010703250730763614e+00
2.490707070707070425e+00 1.955280218765596878e+00
2.551212121212120820e+00 1.900583516067764878e+00
2.611717171717171659e+00 1.846649845496318276e+00
2.672222222222222054e+00 1.793508902909451974e+00
2.732727272727272450e+00 1.741184274573948088e+00
2.793232323232323289e+00 1.689694221530987139e+00
2.853737373737373684e+00 1.639052365851886517e+00
2.914242424242424079e+00 1.589268291614962969e+00
2.974747474747474474e+00 1.540348071680295972e+00
3.035252525252524869e+00 1.492294729711053369e+00
3.095757575757575708e+00 1.445108645806927106e+00
3.156262626262626103e+00 1.398787912736784822e+00
3.216767676767676498e+00 1.353328649021691588e+00
3.277272727272727337e+00 1.308725274196677502e+00
3.337777777777777732e+00 1.264970750909000685e+00
3.398282828282828127e+00 1.222056797903457781e+00
3.458787878787878523e+00 1.179974077424827961e+00
3.519292929292928918e+00 1.138712360118212752e+00
3.579797979797979757e+00 1.098260670119256321e+00
3.640303030303030152e+00 1.058607412689305027e+00
3.700808080808080547e+00 1.019740486459014273e+00
3.761313131313131386e+00 9.816473820893624191e-01
3.821818181818181781e+00 9.443152689388552012e-01
3.882323232323232176e+00 9.077310711331749715e-01
3.942828282828282571e+00 8.718815342655700240e-01
4.003333333333332966e+00 8.367532838102531567e-01
4.063838383838383805e+00 8.023328762022716720e-01
4.124343434343433756e+00 7.686068434258587212e-01
4.184848484848484595e+00 7.355617318543193894e-01
4.245353535353535435e+00 7.031841360006618746e-01
4.305858585858585386e+00 6.714607277454910372e-01
4.366363636363636225e+00 6.403782816008325440e-01
4.426868686868687064e+00 6.099236963921473853e-01
4.487373737373737015e+00 5.800840138361202936e-01
4.547878787878787854e+00 5.508464343287762244e-01
4.608383838383838693e+00 5.221983302765879076e-01
4.668888888888888644e+00 4.941272572511687944e-01
4.729393939393939483e+00 4.666209632186846812e-01
4.789898989898989434e+00 4.396673960670604564e-01
4.850404040404040273e+00 4.132547096295549061e-01
4.910909090909091113e+00 3.873712683813116398e-01
4.971414141414141064e+00 3.620056509660214972e-01
5.031919191919191903e+00 3.371466526926051310e-01
5.092424242424241854e+00 3.127832871264208392e-01
5.152929292929292693e+00 2.889047868860835089e-01
5.213434343434343532e+00 2.655006037444977984e-01
5.273939393939393483e+00 2.425604081222400843e-01
5.334444444444444322e+00 2.200740880515206777e-01
5.394949494949495161e+00 1.980317476807358645e-01
5.455454545454545112e+00 1.764237053814725342e-01
5.515959595959595951e+00 1.552404915135273678e-01
5.576464646464646790e+00 1.344728458970482488e-01
5.636969696969696741e+00 1.141117150356585341e-01
5.697474747474747581e+00 9.414824912943159374e-02
5.757979797979797532e+00 7.457379891241995573e-02
5.818484848484848371e+00 5.537991234537763263e-02
5.878989898989899210e+00 3.655833119099700240e-02
5.939494949494949161e+00 1.810098749578541166e-02
6.000000000000000000e+00 0.000000000000000000e+00
