1.000000000000000021e-02 -9.603004451563081911e-01
7.050505050505050109e-02 -4.408279965875296358e-01
1.310101010101010210e-01 2.211136968764673971e-01
1.915151515151515271e-01 9.054264250676281600e-01
2.520202020202020332e-01 1.564512901558200442e+00
3.125252525252525393e-01 2.174201498459773063e+00
3.730303030303030454e-01 2.722292104829799442e+00
4.335353535353535515e-01 3.203702286919467568e+00
4.940404040404040575e-01 3.617823107940052907e+00
5.545454545454545636e-01 3.966871985035548942e+00
6.150505050505050697e-01 4.254793505544967935e+00
6.755555555555555758e-01 4.486504199354198086e+00
7.360606060606060819e-01 4.667371502629179325e+00
7.965656565656565880e-01 4.802859126062107187e+00
8.570707070707070940e-01 4.898292659403214344e+00
9.175757575757576001e-01 4.958712090591655297e+00
9.780808080808081062e-01 4.988786523041682130e+00
1.038585858585858501e+00 4.992772617406370017e+00
1.099090909090909118e+00 4.974503004153995711e+00
1.159595959595959735e+00 4.937394534641945221e+00
1.220101010101010131e+00 4.884469014879284643e+00
1.280606060606060526e+00 4.818381176809181987e+00
1.341111111111111143e+00 4.741450226759964970e+00
1.401616161616161760e+00 4.655692484005706788e+00
1.462121212121212155e+00 4.562853477832344851e+00
1.522626262626262550e+00 4.464438485074471608e+00
1.583131313131313167e+00 4.361740922211538418e+00
1.643636363636363784e+00 4.255868304091724674e+00
1.704141414141414179e+00 4.147765681517670444e+00
1.764646464646464574e+00 4.038236599848741726e+00
1.825151515151515191e+00 3.927961700914116339e+00
1.885656565656565808e+00 3.817515136098921680e+00
1.946161616161616204e+00 3.707378980420663162e+00
2.006666666666666377e+00 3.597955843684870203e+00
2.067171717171716772e+00 3.489579871012260526e+00
2.127676767676767611e+00 3.382526315112642568e+00
2.188181818181818006e+00 3.277019849300697896e+00
2.248686868686868401e+00 3.173241775298660361e+00
2.309191919191919240e+00 3.071336264504060054e+00
2.369696969696969635e+00 2.971415756407823849e+00
2.430202020202020030e+00 2.873565623673055125e+00
2.490707070707070425e+00 2.777848200301285431e+00
2.551212121212120820e+00 2.684306257400363993e+00
2.611717171717171659e+00 2.592966000383555514e+00
2.672222222222222054e+00 2.503839651910056752e+00
2.732727272727272450e+00 2.416927676463493047e+00
2.793232323232323289e+00 2.332220695103447650e+00
2.853737373737373684e+00 2.249701132368798984e+00
2.914242424242424079e+00 2.169344631781948696e+00
2.974747474747474474e+00 2.091121271461960252e+00
3.035252525252524869e+00 2.014996606990586248e+00
3.095757575757575708e+00 1.940932565143113075e+00
3.156262626262626103e+00 1.868888208792395256e+00
3.216767676767676498e+00 1.798820390567682281e+00
3.277272727272727337e+00 1.730684310456373387e+00
3.337777777777777732e+00 1.664433990473991987e+00
3.398282828282828127e+00 1.600022677746608224e+00
3.458787878787878523e+00 1.537403185811422102e+00
3.519292929292928918e+00 1.476528182613973561e+00
3.579797979797979757e+00 1.417350432533221349e+00
3.640303030303030152e+00 1.359822998776079261e+00
3.700808080808080547e+00 1.303899411627380323e+00
3.761313131313131386e+00 1.249533807302329436e+00
3.821818181818181781e+00 1.196681041509833454e+00
3.882323232323232176e+00 1.145296781282675536e+00
3.942828282828282571e+00 1.095337578153041225e+00
4.003333333333332966e+00 1.046760925338520831e+00
4.063838383838383805e+00 9.995253012459847097e-01
4.124343434343433756e+00 9.535902012908651360e-01
4.184848484848484595e+00 9.089161597657695602e-01
4.245353535353535435e+00 8.654647632259018231e-01
4.305858585858585386e+00 8.231986567644399289e-01
4.366363636363636225e+00 7.820815441898353315e-01
4.426868686868687064e+00 7.420781831496425784e-01
4.487373737373737015e+00 7.031543760247035424e-01
4.547878787878787854e+00 6.652769572993167957e-01
4.608383838383838693e+00 6.284137780431335862e-01
4.668888888888888644e+00 5.925336880391711691e-01
4.729393939393939483e+00 5.576065160219652039e-01
4.789898989898989434e+00 5.236030484230034254e-01
4.850404040404040273e+00 4.904950069651700661e-01
4.910909090909091113e+00 4.582550253988937894e-01
4.971414141414141064e+00 4.268566256299388129e-01
5.031919191919191903e+00 3.962741934521382126e-01
5.092424242424241854e+00 3.664829540660836660e-01
5.152929292929292693e+00 3.374589475372086755e-01
5.213434343434343532e+00 3.091790043224702522e-01
5.273939393939393483e+00 2.816207209740123063e-01
5.334444444444444322e+00 2.547624361101138990e-01
5.394949494949495161e+00 2.285832067280441915e-01
5.455454545454545112e+00 2.030627849198978208e-01
5.515959595959595951e+00 1.781815950409108562e-01
5.576464646464646790e+00 1.539207113696159090e-01
5.636969696969696741e+00 1.302618362904320037e-01
5.697474747474747581e+00 1.071872790220738392e-01
5.757979797979797532e+00 8.467993490861892847e-02
5.818484848484848371e+00 6.272326528457326800e-02
5.878989898989899210e+00 4.130127792081010607e-02
5.939494949494949161e+00 2.039850805413814458e-02
6.000000000000000000e+00 0.000000000000000000e+00
