1.000000000000000021e-02 -9.529459206390518133e-01
7.050505050505050109e-02 -3.655390087966622348e-01
1.310101010101010210e-01 3.404062278433773181e-01
1.915151515151515271e-01 1.030978026038350093e+00
2.520202020202020332e-01 1.660257209472580930e+00
3.125252525252525393e-01 2.209511416704442954e+00
3.730303030303030454e-01 2.672858422152468716e+00
4.335353535353535515e-01 3.051312854131476460e+00
4.940404040404040575e-01 3.349698192473614888e+00
5.545454545454545636e-01 3.574852664081535458e+00
6.150505050505050697e-01 3.734526981901718390e+00
6.755555555555555758e-01 3.836694083142632827e+00
7.360606060606060819e-01 3.889120925188839895e+00
7.965656565656565880e-01 3.899113074998596051e+00
8.570707070707070940e-01 3.873374888315877840e+00
9.175757575757576001e-01 3.817946863643223221e+00
9.780808080808081062e-01 3.738193696703285607e+00
1.038585858585858501e+00 3.638824597678049777e+00
1.099090909090909118e+00 3.523933039060830552e+00
1.159595959595959735e+00 3.397047086481162825e+00
1.220101010101010131e+00 3.261184316700056929e+00
1.280606060606060526e+00 3.118907365282502564e+00
1.341111111111111143e+00 2.972377592821557002e+00
1.401616161616161760e+00 2.823405371966955180e+00
1.462121212121212155e+00 2.673496198933246859e+00
1.522626262626262550e+00 2.523892300455500504e+00
1.583131313131313167e+00 2.375609721308342248e+00
1.643636363636363784e+00 2.229471066613471386e+00
1.704141414141414179e+00 2.086134188539789491e+00
1.764646464646464574e+00 1.946117164701036462e+00
1.825151515151515191e+00 1.809819937323821959e+00
1.885656565656565808e+00 1.677542980275217532e+00
1.946161616161616204e+00 1.549503344461463872e+00
2.006666666666666377e+00 1.425848407200098089e+00
2.067171717171716772e+00 1.306667622166649334e+00
2.127676767676767611e+00 1.192002536213781383e+00
2.188181818181818006e+00 1.081855309542743449e+00
2.248686868686868401e+00 9.761959474423805849e-01
2.309191919191919240e+00 8.749684257036981494e-01
2.369696969696969635e+00 7.780958681356622275e-01
2.430202020202020030e+00 6.854849134181698611e-01
2.490707070707070425e+00 5.970293897711258513e-01
2.551212121212120820e+00 5.126133993734471872e-01
2.611717171717171659e+00 4.321139002850942212e-01
2.672222222222222054e+00 3.554028607039883547e-01
2.732727272727272450e+00 2.823490501012711484e-01
2.793232323232323289e+00 2.128195220301594137e-01
2.853737373737373684e+00 1.466808355915633910e-01
2.914242424242424079e+00 8.380005559278026761e-02
2.974747474747474474e+00 2.404556554129005236e-02
3.035252525252524869e+00 -3.271227743565455898e-02
3.095757575757575708e+00 -8.660062097242085533e-02
3.156262626262626103e+00 -1.377437080636906841e-01
3.216767676767676498e+00 -1.862625619446312830e-01
3.277272727272727337e+00 -2.322747499780413727e-01
3.337777777777777732e+00 -2.758942137401180772e-01
3.398282828282828127e+00 -3.172311539747439402e-01
3.458787878787878523e+00 -3.563919613299877942e-01
3.519292929292928918e+00 -3.934791851358482861e-01
3.579797979797979757e+00 -4.285915329689740094e-01
3.640303030303030152e+00 -4.618238957916157017e-01
3.700808080808080547e+00 -4.932673936677944848e-01
3.761313131313131386e+00 -5.230094380291022693e-01
3.821818181818181781e+00 -5.511338070669563605e-01
3.882323232323232176e+00 -5.777207313696117730e-01
3.942828282828282571e+00 -6.028469873828687930e-01
4.003333333333332966e+00 -6.265859966649819368e-01
4.063838383838383805e+00 -6.490079292396701005e-01
4.124343434343433756e+00 -6.701798096342465039e-01
4.184848484848484595e+00 -6.901656244300564680e-01
4.245353535353535435e+00 -7.090264303532461954e-01
4.305858585858585386e+00 -7.268204621278564481e-01
4.366363636363636225e+00 -7.436032394260150280e-01
4.426868686868687064e+00 -7.594276723336722545e-01
4.487373737373737015e+00 -7.743441650953596378e-01
4.547878787878787854e+00 -7.884007175699158099e-01
4.608383838383838693e+00 -8.016430243032768299e-01
4.668888888888888644e+00 -8.141145709643258233e-01
4.729393939393939483e+00 -8.258567280105998387e-01
4.789898989898989434e+00 -8.369088414853970148e-01
4.850404040404040273e+00 -8.473083208841258873e-01
4.910909090909091113e+00 -8.570907240579024311e-01
4.971414141414141064e+00 -8.662898391472604320e-01
5.031919191919191903e+00 -8.749377635590993574e-01
5.092424242424241854e+00 -8.830649800165091268e-01
5.152929292929292693e+00 -8.907004297244404123e-01
5.213434343434343532e+00 -8.978715827047053510e-01
5.273939393939393483e+00 -9.046045053677679304e-01
5.334444444444444322e+00 -9.109239253540921677e-01
5.394949494949495161e+00 -9.168532938088836959e-01
5.455454545454545112e+00 -9.224148450417067879e-01
5.515959595959595951e+00 -9.276296537450712254e-01
5.576464646464646790e+00 -9.325176898127414127e-01
5.636969696969696741e+00 -9.370978708445674155e-01
5.697474747474747581e+00 -9.413881124198838490e-01
5.757979797979797532e+00 -9.454053762083824974e-01
5.818484848484848371e+00 -9.491657160222449763e-01
5.878989898989899210e+00 -9.526843218550411496e-01
5.939494949494949161e+00 -9.559755620050278679e-01
6.000000000000000000e+00 -9.590530233485853318e-01
