1.000000000000000021e-02 -9.830283027708991428e-01
7.102040816326531114e-02 -7.762667245164986962e-01
1.320408163265306134e-01 -5.421967436495225279e-01
1.930612244897959295e-01 -3.247392023765127145e-01
2.540816326530612179e-01 -1.339569256199902858e-01
3.151020408163265341e-01 2.881024515451577339e-02
3.761224489795918502e-01 1.652583803831608467e-01
4.371428571428571663e-01 2.781048447047915206e-01
4.981632653061224825e-01 3.702733187469294251e-01
5.591836734693877986e-01 4.445554239975289534e-01
6.202040816326530592e-01 5.034801819546237400e-01
6.812244897959184309e-01 5.492777164400892698e-01
7.422448979591836915e-01 5.838854804678903498e-01
8.032653061224490632e-01 6.089724638115144861e-01
8.642857142857143238e-01 6.259695495733365034e-01
9.253061224489796954e-01 6.361003812869027163e-01
9.863265306122449561e-01 6.404101903609847879e-01
1.047346938775510328e+00 6.397915845287311942e-01
1.108367346938775588e+00 6.350070674140421145e-01
1.169387755102040849e+00 6.267084256614099402e-01
1.230408163265306110e+00 6.154532777500015817e-01
1.291428571428571592e+00 6.017191294586906603e-01
1.352448979591836853e+00 5.859152788500191500e-01
1.413469387755102114e+00 5.683928871616352740e-01
1.474489795918367374e+00 5.494534961323112032e-01
1.535510204081632635e+00 5.293562347215692299e-01
1.596530612244898117e+00 5.083239226279904210e-01
1.657551020408163378e+00 4.865482460609314996e-01
1.718571428571428639e+00 4.641941533631749328e-01
1.779591836734693899e+00 4.414035942308472960e-01
1.840612244897959382e+00 4.182987060905575816e-01
1.901632653061224643e+00 3.949845342468877862e-01
1.962653061224489903e+00 3.715513582345053578e-01
2.023673469387754942e+00 3.480766849971599908e-01
2.084693877551020424e+00 3.246269596769361110e-01
2.145714285714285463e+00 3.012590366179352386e-01
2.206734693877550946e+00 2.780214463664055224e-01
2.267755102040816428e+00 2.549554887941941628e-01
2.328775510204081467e+00 2.320961777306085050e-01
2.389795918367346950e+00 2.094730585492010910e-01
2.450816326530611988e+00 1.871109168564700498e-01
2.511836734693877471e+00 1.650303936646578817e-01
2.572857142857142954e+00 1.432485201203453629e-01
2.633877551020407992e+00 1.217791829077314869e-01
2.694897959183673475e+00 1.006335298111709492e-01
2.755918367346938513e+00 7.982032353769399902e-02
2.816938775510203996e+00 5.934625073303168713e-02
2.877959183673469479e+00 3.921619213409455879e-02
2.938979591836734517e+00 1.943345897194838356e-02
3.000000000000000000e+00 0.000000000000000000e+00
