1.000000000000000021e-02 -9.601916724880873444e-01
7.050505050505050109e-02 -4.077485088319571793e-01
1.310101010101010210e-01 3.485689284608248228e-01
1.915151515151515271e-01 1.179018120782776347e+00
2.520202020202020332e-01 2.021698340474529676e+00
3.125252525252525393e-01 2.838342942916704637e+00
3.730303030303030454e-01 3.604448321279591028e+00
4.335353535353535515e-01 4.304950587762748526e+00
4.940404040404040575e-01 4.931614402175594769e+00
5.545454545454545636e-01 5.481171102478749724e+00
6.150505050505050697e-01 5.953896469441284367e+00
6.755555555555555758e-01 6.352505669824026313e+00
7.360606060606060819e-01 6.681301191165850639e+00
7.965656565656565880e-01 6.945528359466113244e+00
8.570707070707070940e-01 7.150900150213269413e+00
9.175757575757576001e-01 7.303257416142854730e+00
9.780808080808081062e-01 7.408334908318126466e+00
1.038585858585858501e+00 7.471607944580228811e+00
1.099090909090909118e+00 7.498199050666869425e+00
1.159595959595959735e+00 7.492828069138336211e+00
1.220101010101010131e+00 7.459792901481054450e+00
1.280606060606060526e+00 7.402971135021695126e+00
1.341111111111111143e+00 7.325835309705694520e+00
1.401616161616161760e+00 7.231476552577513317e+00
1.462121212121212155e+00 7.122632825865180095e+00
1.522626262626262550e+00 7.001719178430906965e+00
1.583131313131313167e+00 6.870858239580737603e+00
1.643636363636363784e+00 6.731909807851620187e+00
1.704141414141414179e+00 6.586498831906570928e+00
1.764646464646464574e+00 6.436041388895630710e+00
1.825151515151515191e+00 6.281768479692956930e+00
1.885656565656565808e+00 6.124747603411860197e+00
1.946161616161616204e+00 5.965902166262415207e+00
2.006666666666666377e+00 5.806028836726178533e+00
2.067171717171716772e+00 5.645812991199393949e+00
2.127676767676767611e+00 5.485842409326883384e+00
2.188181818181818006e+00 5.326619382090935773e+00
2.248686868686868401e+00 5.168571392196475323e+00
2.309191919191919240e+00 5.012060518311724167e+00
2.369696969696969635e+00 4.857391704175002545e+00
2.430202020202020030e+00 4.704820021836306765e+00
2.490707070707070425e+00 4.554557046223518313e+00
2.551212121212120820e+00 4.406776446362245636e+00
2.611717171717171659e+00 4.261618887343788131e+00
2.672222222222222054e+00 4.119196326632194705e+00
2.732727272727272450e+00 3.979595778713539644e+00
2.793232323232323289e+00 3.842882613374837053e+00
2.853737373737373684e+00 3.709103445124392273e+00
2.914242424242424079e+00 3.578288664230423244e+00
2.974747474747474474e+00 3.450454653732108579e+00
3.035252525252524869e+00 3.325605731268286736e+00
3.095757575757575708e+00 3.203735849763084786e+00
3.156262626262626103e+00 3.084830086767832658e+00
3.216767676767676498e+00 2.968865948542584121e+00
3.277272727272727337e+00 2.855814511703038683e+00
3.337777777777777732e+00 2.745641422408138688e+00
3.398282828282828127e+00 2.638307770572028588e+00
3.458787878787878523e+00 2.533770854405212436e+00
3.519292929292928918e+00 2.431984848685797118e+00
3.579797979797979757e+00 2.332901388499554418e+00
3.640303030303030152e+00 2.236470078737474498e+00
3.700808080808080547e+00 2.142638938352520839e+00
3.761313131313131386e+00 2.051354787320236461e+00
3.821818181818181781e+00 1.962563583192486361e+00
3.882323232323232176e+00 1.876210713371692984e+00
3.942828282828282571e+00 1.792241248439961465e+00
4.003333333333332966e+00 1.710600161246018436e+00
4.063838383838383805e+00 1.631232515881369638e+00
4.124343434343433756e+00 1.554083630178745068e+00
4.184848484848484595e+00 1.479099214933922379e+00
4.245353535353535435e+00 1.406225492661743681e+00
4.305858585858585386e+00 1.335409298367990383e+00
4.366363636363636225e+00 1.266598164520272407e+00
4.426868686868687064e+00 1.199740392144161172e+00
4.487373737373737015e+00 1.134785109740311659e+00
4.547878787878787854e+00 1.071682321521651771e+00
4.608383838383838693e+00 1.010382946290077077e+00
4.668888888888888644e+00 9.508388481188336794e-01
4.729393939393939483e+00 8.930028598693854347e-01
4.789898989898989434e+00 8.368288004506940769e-01
4.850404040404040273e+00 7.822714866236193387e-01
4.910909090909091113e+00 7.292867400575470116e-01
4.971414141414141064e+00 6.778313902652836065e-01
5.031919191919191903e+00 6.278632739680504171e-01
5.092424242424241854e+00 5.793412313778034672e-01
5.152929292929292693e+00 5.322250998275092071e-01
5.213434343434343532e+00 4.864757051296831336e-01
5.273939393939393483e+00 4.420548509931330750e-01
5.334444444444444322e+00 3.989253068056333174e-01
5.394949494949495161e+00 3.570507940274405545e-01
5.455454545454545112e+00 3.163959714357099662e-01
5.515959595959595951e+00 2.769264194178284177e-01
5.576464646464646790e+00 2.386086234916431903e-01
5.636969696969696741e+00 2.014099572065922994e-01
5.697474747474747581e+00 1.652986645745706806e-01
5.757979797979797532e+00 1.302438421203161445e-01
5.818484848484848371e+00 9.621542069637790962e-02
5.878989898989899210e+00 6.318414712400000077e-02
5.939494949494949161e+00 3.112156575188872523e-02
6.000000000000000000e+00 0.000000000000000000e+00
