1.000000000000000021e-02 -9.861905672675305157e-01
7.102040816326531114e-02 -7.998982488669258428e-01
1.320408163265306134e-01 -5.583294948483230602e-01
1.930612244897959295e-01 -3.056467956220533799e-01
2.540816326530612179e-01 -5.978647551916857483e-02
3.151020408163265341e-01 1.699577963314714280e-01
3.761224489795918502e-01 3.787058009915640344e-01
4.371428571428571663e-01 5.641828944705873372e-01
4.981632653061224825e-01 7.257473838117853848e-01
5.591836734693877986e-01 8.637988286341968802e-01
6.202040816326530592e-01 9.793924187827156569e-01
6.812244897959184309e-01 1.073978163111256157e+00
7.422448979591836915e-01 1.149221533606779921e+00
8.032653061224490632e-01 1.206879866881875651e+00
8.642857142857143238e-01 1.248718037597081665e+00
9.253061224489796954e-01 1.276452210989805325e+00
9.863265306122449561e-01 1.291713778685919856e+00
1.047346938775510328e+00 1.296027772819905888e+00
1.108367346938775588e+00 1.290801580875814203e+00
1.169387755102040849e+00 1.277320884265030765e+00
1.230408163265306110e+00 1.256750553491171152e+00
1.291428571428571592e+00 1.230138835746203751e+00
1.352448979591836853e+00 1.198423622204258132e+00
1.413469387755102114e+00 1.162439920547898797e+00
1.474489795918367374e+00 1.122927911173860371e+00
1.535510204081632635e+00 1.080541153755067318e+00
1.596530612244898117e+00 1.035854650011361899e+00
1.657551020408163378e+00 9.893725705853178010e-01
1.718571428571428639e+00 9.415355279561045121e-01
1.779591836734693899e+00 8.927273303397048609e-01
1.840612244897959382e+00 8.432811888543205736e-01
1.901632653061224643e+00 7.934853759393353245e-01
1.962653061224489903e+00 7.435883501834978926e-01
2.023673469387754942e+00 6.938033736753830283e-01
2.084693877551020424e+00 6.443126544583795967e-01
2.145714285714285463e+00 5.952710499967974744e-01
2.206734693877550946e+00 5.468093686491457550e-01
2.267755102040816428e+00 4.990373057572591309e-01
2.328775510204081467e+00 4.520460495817464341e-01
2.389795918367346950e+00 4.059105903357355105e-01
2.450816326530611988e+00 3.606917632443183419e-01
2.511836734693877471e+00 3.164380540834047517e-01
2.572857142857142954e+00 2.731871931514275875e-01
2.633877551020407992e+00 2.309675611835637077e-01
2.694897959183673475e+00 1.897994283973385710e-01
2.755918367346938513e+00 1.496960456752715329e-01
2.816938775510203996e+00 1.106646048782598951e-01
2.877959183673469479e+00 7.270708343873238944e-02
2.938979591836734517e+00 3.582098670464494566e-02
3.000000000000000000e+00 0.000000000000000000e+00
