1.000000000000000021e-02 -9.428878446313289086e-01
7.050505050505050109e-02 -2.781971314895532732e-01
1.310101010101010210e-01 4.427345023127586821e-01
1.915151515151515271e-01 1.085055314251097247e+00
2.520202020202020332e-01 1.623560798043123032e+00
3.125252525252525393e-01 2.059697451319981720e+00
3.730303030303030454e-01 2.403314293685405278e+00
4.335353535353535515e-01 2.666451089966164201e+00
4.940404040404040575e-01 2.860971676714300749e+00
5.545454545454545636e-01 2.997680016989822338e+00
6.150505050505050697e-01 3.086056713024351250e+00
6.755555555555555758e-01 3.134260002439793080e+00
7.360606060606060819e-01 3.149234061647380845e+00
7.965656565656565880e-01 3.136853097455492900e+00
8.570707070707070940e-01 3.102068823984999835e+00
9.175757575757576001e-01 3.049047392942384693e+00
9.780808080808081062e-01 2.981290675437408666e+00
1.038585858585858501e+00 2.901740964638659825e+00
1.099090909090909118e+00 2.812870045236290029e+00
1.159595959595959735e+00 2.716754317457805268e+00
1.220101010101010131e+00 2.615137851062041108e+00
1.280606060606060526e+00 2.509485174749182868e+00
1.341111111111111143e+00 2.401025427013081970e+00
1.401616161616161760e+00 2.290789281927444687e+00
1.462121212121212155e+00 2.179639853109157865e+00
1.522626262626262550e+00 2.068298586762595814e+00
1.583131313131313167e+00 1.957366988656072726e+00
1.643636363636363784e+00 1.847344883251691883e+00
1.704141414141414179e+00 1.738645787226464012e+00
1.764646464646464574e+00 1.631609875976742341e+00
1.825151515151515191e+00 1.526514940509207330e+00
1.885656565656565808e+00 1.423585663215733987e+00
1.946161616161616204e+00 1.323001484758022261e+00
2.006666666666666377e+00 1.224903287962047393e+00
2.067171717171716772e+00 1.129399086181157141e+00
2.127676767676767611e+00 1.036568873145767400e+00
2.188181818181818006e+00 9.464687634186124132e-01
2.248686868686868401e+00 8.591345336442972602e-01
2.309191919191919240e+00 7.745846550961010823e-01
2.369696969696969635e+00 6.928228943376272264e-01
2.430202020202020030e+00 6.138405463510580029e-01
2.490707070707070425e+00 5.376183543805395093e-01
2.551212121212120820e+00 4.641281622883146052e-01
2.611717171717171659e+00 3.933343381605061140e-01
2.672222222222222054e+00 3.251950019884755627e-01
2.732727272727272450e+00 2.596630852931567368e-01
2.793232323232323289e+00 1.966872463923177716e-01
2.853737373737373684e+00 1.362126614994479956e-01
2.914242424242424079e+00 7.818170888080022696e-02
2.974747474747474474e+00 2.253456079168298515e-02
3.035252525252524869e+00 -3.079030420883954039e-02
3.095757575757575708e+00 -8.185565776719387621e-02
3.156262626262626103e+00 -1.307251378017677268e-01
3.216767676767676498e+00 -1.774629161645362996e-01
3.277272727272727337e+00 -2.221334110479386004e-01
3.337777777777777732e+00 -2.648010382381171257e-01
3.398282828282828127e+00 -3.055299960989932284e-01
3.458787878787878523e+00 -3.443840801069799618e-01
3.519292929292928918e+00 -3.814265225216913469e-01
3.579797979797979757e+00 -4.167198549566949461e-01
3.640303030303030152e+00 -4.503257899760398364e-01
3.700808080808080547e+00 -4.823051198870744738e-01
3.761313131313131386e+00 -5.127176303966050064e-01
3.821818181818181781e+00 -5.416220273180252232e-01
3.882323232323232176e+00 -5.690758747319972777e-01
3.942828282828282571e+00 -5.951355432146209212e-01
4.003333333333332966e+00 -6.198561669293233267e-01
4.063838383838383805e+00 -6.432916085371451764e-01
4.124343434343433756e+00 -6.654944310161539089e-01
4.184848484848484595e+00 -6.865158755970801607e-01
4.245353535353535435e+00 -7.064058451334268574e-01
4.305858585858585386e+00 -7.252128923214166134e-01
4.366363636363636225e+00 -7.429842121354903739e-01
4.426868686868687064e+00 -7.597656382591398971e-01
4.487373737373737015e+00 -7.756016428409715502e-01
4.547878787878787854e+00 -7.905353393988674426e-01
4.608383838383838693e+00 -8.046084885018781607e-01
4.668888888888888644e+00 -8.178615059663305598e-01
4.729393939393939483e+00 -8.303334733246456878e-01
4.789898989898989434e+00 -8.420621503524660101e-01
4.850404040404040273e+00 -8.530839894625922293e-01
4.910909090909091113e+00 -8.634341517938820543e-01
4.971414141414141064e+00 -8.731465248401961698e-01
5.031919191919191903e+00 -8.822537414785969201e-01
5.092424242424241854e+00 -8.907872002744700035e-01
5.152929292929292693e+00 -8.987770869067120971e-01
5.213434343434343532e+00 -9.062523967042852568e-01
5.273939393939393483e+00 -9.132409580526470450e-01
5.334444444444444322e+00 -9.197694566823867435e-01
5.394949494949495161e+00 -9.258634607073928935e-01
5.455454545454545112e+00 -9.315474463238245795e-01
5.515959595959595951e+00 -9.368448241122764308e-01
5.576464646464646790e+00 -9.417779658362921413e-01
5.636969696969696741e+00 -9.463682316802711769e-01
5.697474747474747581e+00 -9.506359978483529538e-01
5.757979797979797532e+00 -9.546006844549529413e-01
5.818484848484848371e+00 -9.582807836392108758e-01
5.878989898989899210e+00 -9.616938878377607747e-01
5.939494949494949161e+00 -9.648567181524188019e-01
6.000000000000000000e+00 -9.677851527515973773e-01
