1.000000000000000021e-02 4.436856546334619367e+01
7.050505050505050109e-02 6.120245116244911969e+02
1.310101010101010210e-01 1.297573732262352451e+03
1.915151515151515271e-01 1.967539111078442374e+03
2.520202020202020332e-01 2.572399185868493987e+03
3.125252525252525393e-01 3.090308595380208317e+03
3.730303030303030454e-01 3.513690445694195205e+03
4.335353535353535515e-01 3.843279999658988345e+03
4.940404040404040575e-01 4.084721382643808283e+03
5.545454545454545636e-01 4.246389493198837954e+03
6.150505050505050697e-01 4.337940515142741788e+03
6.755555555555555758e-01 4.369350697525111173e+03
7.360606060606060819e-01 4.350299472234032692e+03
7.965656565656565880e-01 4.289797817982747802e+03
8.570707070707070940e-01 4.195989027216882278e+03
9.175757575757576001e-01 4.076067412588413390e+03
9.780808080808081062e-01 3.936274570090404723e+03
1.038585858585858501e+00 3.781943858614259170e+03
1.099090909090909118e+00 3.617572336419777457e+03
1.159595959595959735e+00 3.446905918176240448e+03
1.220101010101010131e+00 3.273028348576996450e+03
1.280606060606060526e+00 3.098448073509457117e+03
1.341111111111111143e+00 2.925179534942506962e+03
1.401616161616161760e+00 2.754817081961894473e+03
1.462121212121212155e+00 2.588600788771223051e+03
1.522626262626262550e+00 2.427474165163124781e+03
1.583131313131313167e+00 2.272134159631260445e+03
1.643636363636363784e+00 2.123074080644322748e+03
1.704141414141414179e+00 1.980620162603827112e+03
1.764646464646464574e+00 1.844962525198205412e+03
1.825151515151515191e+00 1.716181249503346635e+03
1.885656565656565808e+00 1.594268242249046580e+03
1.946161616161616204e+00 1.479145494911595733e+03
2.006666666666666377e+00 1.370680275421877013e+03
2.067171717171716772e+00 1.268697722599822555e+03
2.127676767676767611e+00 1.172991249958220351e+03
2.188181818181818006e+00 1.083331107833024362e+03
2.248686868686868401e+00 9.994714010825166497e+02
2.309191919191919240e+00 9.211558156304595286e+02
2.369696969696969635e+00 8.481222658525847464e+02
2.430202020202020030e+00 7.801066439854914734e+02
2.490707070707070425e+00 7.168458218667077517e+02
2.551212121212120820e+00 6.580800320739797371e+02
2.611717171717171659e+00 6.035547346255749517e+02
2.672222222222222054e+00 5.530220580820451914e+02
2.732727272727272450e+00 5.062418892885808077e+02
2.793232323232323289e+00 4.629826737423180703e+02
2.853737373737373684e+00 4.230219783033298313e+02
2.914242424242424079e+00 3.861468592849464585e+02
2.974747474747474474e+00 3.521540721075710394e+02
3.035252525252524869e+00 3.208501519694632975e+02
3.095757575757575708e+00 2.920513909012385056e+02
3.156262626262626103e+00 2.655837316158776957e+02
3.216767676767676498e+00 2.412825954552208430e+02
3.277272727272727337e+00 2.189926587014670929e+02
3.337777777777777732e+00 1.985675890994115207e+02
3.398282828282828127e+00 1.798697524015789497e+02
3.458787878787878523e+00 1.627698970512060441e+02
3.519292929292928918e+00 1.471468236937479617e+02
3.579797979797979757e+00 1.328870450832388599e+02
3.640303030303030152e+00 1.198844407799616931e+02
3.700808080808080547e+00 1.080399105324976432e+02
3.761313131313131386e+00 9.726102921103509402e+01
3.821818181818181781e+00 8.746170581302723690e+01
3.882323232323232176e+00 7.856184845322628973e+01
3.942828282828282571e+00 7.048703694809090337e+01
4.003333333333332966e+00 6.316820418974411666e+01
4.063838383838383805e+00 5.654132726578957602e+01
4.124343434343433756e+00 5.054712903583331496e+01
4.184848484848484595e+00 4.513079068112931935e+01
4.245353535353535435e+00 4.024167558034050529e+01
4.305858585858585386e+00 3.583306472945316301e+01
4.366363636363636225e+00 3.186190380408803335e+01
4.426868686868687064e+00 2.828856187743389938e+01
4.487373737373737015e+00 2.507660171988779041e+01
4.547878787878787854e+00 2.219256154448947882e+01
4.608383838383838693e+00 1.960574800807459539e+01
4.668888888888888644e+00 1.728804023352644847e+01
4.729393939393939483e+00 1.521370458254759228e+01
4.789898989898989434e+00 1.335921987927474142e+01
4.850404040404040273e+00 1.170311276204389550e+01
4.910909090909091113e+00 1.022580282260905093e+01
4.971414141414141064e+00 8.909457178670541211e+00
5.031919191919191903e+00 7.737854115843592950e+00
5.092424242424241854e+00 6.696255428804005483e+00
5.152929292929292693e+00 5.771287087858850917e+00
5.213434343434343532e+00 4.950827856129101256e+00
5.273939393939393483e+00 4.223905483702014685e+00
5.334444444444444322e+00 3.580600108130872705e+00
5.394949494949495161e+00 3.011954495332689330e+00
5.455454545454545112e+00 2.509890761036277063e+00
5.515959595959595951e+00 2.067133220253332127e+00
5.576464646464646790e+00 1.677137020621177088e+00
5.636969696969696741e+00 1.334022224742539064e+00
5.697474747474747581e+00 1.032513546184046449e+00
5.757979797979797532e+00 7.678817183538828584e-01
5.818484848484848371e+00 5.358973129484493336e-01
5.878989898989899210e+00 3.327781835691690504e-01
5.939494949494949161e+00 1.551487877453379682e-01
6.000000000000000000e+00 0.000000000000000000e+00
