1.000000000000000021e-02 -9.628070387883423953e-01
7.102040816326531114e-02 -5.265904318479599500e-01
1.320408163265306134e-01 -6.312565744258216704e-02
1.930612244897959295e-01 3.385568190989139414e-01
2.540816326530612179e-01 6.652786062450769533e-01
3.151020408163265341e-01 9.215089381964133297e-01
3.761224489795918502e-01 1.116553255826846502e+00
4.371428571428571663e-01 1.260369704241531830e+00
4.981632653061224825e-01 1.362117748816169316e+00
5.591836734693877986e-01 1.429724270237986650e+00
6.202040816326530592e-01 1.469847667409777570e+00
6.812244897959184309e-01 1.487991485317635476e+00
7.422448979591836915e-01 1.488663318151520087e+00
8.032653061224490632e-01 1.475535417041531350e+00
8.642857142857143238e-01 1.451590050105983964e+00
9.253061224489796954e-01 1.419244472417971581e+00
9.863265306122449561e-01 1.380455478327403895e+00
1.047346938775510328e+00 1.336805540758326583e+00
1.108367346938775588e+00 1.289573160150293551e+00
1.169387755102040849e+00 1.239790036978198895e+00
1.230408163265306110e+00 1.188287420199871658e+00
1.291428571428571592e+00 1.135733645033323524e+00
1.352448979591836853e+00 1.082664536261501054e+00
1.413469387755102114e+00 1.029508050117861950e+00
1.474489795918367374e+00 9.766042687429122848e-01
1.535510204081632635e+00 9.242216455966147937e-01
1.596530612244898117e+00 8.725702254490798060e-01
1.657551020408163378e+00 8.218124180447926586e-01
1.718571428571428639e+00 7.720717930051300693e-01
1.779591836734693899e+00 7.234402696511660347e-01
1.840612244897959382e+00 6.759840032859286696e-01
1.901632653061224643e+00 6.297482105764009575e-01
1.962653061224489903e+00 5.847611298709912697e-01
2.023673469387754942e+00 5.410372747901750490e-01
2.084693877551020424e+00 4.985801093686428320e-01
2.145714285714285463e+00 4.573842488910676018e-01
2.206734693877550946e+00 4.174372711464154340e-01
2.267755102040816428e+00 3.787212071740200803e-01
2.328775510204081467e+00 3.412137679276341373e-01
2.389795918367346950e+00 3.048893530522570061e-01
2.450816326530611988e+00 2.697198796582094826e-01
2.511836734693877471e+00 2.356754622274190025e-01
2.572857142857142954e+00 2.027249692832572836e-01
2.633877551020407992e+00 1.708364779607723927e-01
2.694897959183673475e+00 1.399776439418944918e-01
2.755918367346938513e+00 1.101160011963385477e-01
2.816938775510203996e+00 8.121920350192829430e-02
2.877959183673469479e+00 5.325521767395078460e-02
2.938979591836734517e+00 2.619247675120776192e-02
3.000000000000000000e+00 0.000000000000000000e+00
