1.000000000000000021e-02 4.607969333044369123e+05
7.050505050505050109e-02 5.455868497558447532e+06
1.310101010101010210e-01 1.031712834137460776e+07
1.915151515151515271e-01 1.413207661429557204e+07
2.520202020202020332e-01 1.686168618555206060e+07
3.125252525252525393e-01 1.864621255087599158e+07
3.730303030303030454e-01 1.965981006324202940e+07
4.335353535353535515e-01 2.006671250550927967e+07
4.940404040404040575e-01 2.000847180439728498e+07
5.545454545454545636e-01 1.960214303087748587e+07
6.150505050505050697e-01 1.894234042100358009e+07
6.755555555555555758e-01 1.810443761044758186e+07
7.360606060606060819e-01 1.714784075088084489e+07
7.965656565656565880e-01 1.611893888976584375e+07
8.570707070707070940e-01 1.505361903196751699e+07
9.175757575757576001e-01 1.397934960315852426e+07
9.780808080808081062e-01 1.291687949354501255e+07
1.038585858585858501e+00 1.188161149622929282e+07
1.099090909090909118e+00 1.088470721940172464e+07
1.159595959595959735e+00 9.933973825122093782e+06
1.220101010101010131e+00 9.034574982166545466e+06
1.280606060606060526e+00 8.189600811762702651e+06
1.341111111111111143e+00 7.400524944482888095e+06
1.401616161616161760e+00 6.667571227127834223e+06
1.462121212121212155e+00 5.990008065707217902e+06
1.522626262626262550e+00 5.366384714442309923e+06
1.583131313131313167e+00 4.794720904303805903e+06
1.643636363636363784e+00 4.272658873414553702e+06
1.704141414141414179e+00 3.797585027057232335e+06
1.764646464646464574e+00 3.366727000358512159e+06
1.825151515151515191e+00 2.977230748042981140e+06
1.885656565656565808e+00 2.626221376394733787e+06
1.946161616161616204e+00 2.310850715192281175e+06
2.006666666666666377e+00 2.028334051574780839e+06
2.067171717171716772e+00 1.775977999977799831e+06
2.127676767676767611e+00 1.551201115085327765e+06
2.188181818181818006e+00 1.351548567601568997e+06
2.248686868686868401e+00 1.174701969711119076e+06
2.309191919191919240e+00 1.018485248242999660e+06
2.369696969696969635e+00 8.808673137845083838e+05
2.430202020202020030e+00 7.599621477926556254e+05
2.490707070707070425e+00 6.540268296217663446e+05
2.551212121212120820e+00 5.614579407611748902e+05
2.611717171717171659e+00 4.807867145389757352e+05
2.672222222222222054e+00 4.106732406343551120e+05
2.732727272727272450e+00 3.498999850690452149e+05
2.793232323232323289e+00 2.973648440342569374e+05
2.853737373737373684e+00 2.520739147508041933e+05
2.914242424242424079e+00 2.131341355186150176e+05
2.974747474747474474e+00 1.797459207210546592e+05
3.035252525252524869e+00 1.511958935435742605e+05
3.095757575757575708e+00 1.268497991913988517e+05
3.156262626262626103e+00 1.061456640215388470e+05
3.216767676767676498e+00 8.858725091207573132e+04
3.277272727272727337e+00 7.373784811156244541e+04
3.337777777777777732e+00 6.121441752266493859e+04
3.398282828282828127e+00 5.068211869117087917e+04
3.458787878787878523e+00 4.184921653407697158e+04
3.519292929292928918e+00 3.446237390588060953e+04
3.579797979797979757e+00 2.830232434352701966e+04
3.640303030303030152e+00 2.317992143909200240e+04
3.700808080808080547e+00 1.893251105868324885e+04
3.761313131313131386e+00 1.542073239124067368e+04
3.821818181818181781e+00 1.252552630755873361e+04
3.882323232323232176e+00 1.014553468822980176e+04
3.942828282828282571e+00 8.194748102468916841e+03
4.003333333333332966e+00 6.600421448212227915e+03
4.063838383838383805e+00 5.301230654866003533e+03
4.124343434343433756e+00 4.245649670713683008e+03
4.184848484848484595e+00 3.390527545447482225e+03
4.245353535353535435e+00 2.699846225642543686e+03
4.305858585858585386e+00 2.143640654563346288e+03
4.366363636363636225e+00 1.697063860801915098e+03
4.426868686868687064e+00 1.339580892024243440e+03
4.487373737373737015e+00 1.054276665427852777e+03
4.547878787878787854e+00 8.272640356169147253e+02
4.608383838383838693e+00 6.471795988240800170e+02
4.668888888888888644e+00 5.047559397975260822e+02
4.729393939393939483e+00 3.924602585444653755e+02
4.789898989898989434e+00 3.041897389235820128e+02
4.850404040404040273e+00 2.350170952369889790e+02
4.910909090909091113e+00 1.809771038492501987e+02
4.971414141414141064e+00 1.388895060559617320e+02
5.031919191919191903e+00 1.062121695078726447e+02
5.092424242424241854e+00 8.091982611591961927e+01
5.152929292929292693e+00 6.140444072622293703e+01
5.213434343434343532e+00 4.639353599824912777e+01
5.273939393939393483e+00 3.488356175120820524e+01
5.334444444444444322e+00 2.608572874014363308e+01
5.394949494949495161e+00 1.938214333231976383e+01
5.455454545454545112e+00 1.429041883067202789e+01
5.515959595959595951e+00 1.043523341896005974e+01
5.576464646464646790e+00 7.525557463998233665e+00
5.636969696969696741e+00 5.336488832552741535e+00
5.697474747474747581e+00 3.694818324887421124e+00
5.757979797979797532e+00 2.467602344376476964e+00
5.818484848484848371e+00 1.553150231008950666e+00
5.878989898989899210e+00 8.739426599595068179e-01
5.939494949494949161e+00 3.710881761752688468e-01
6.000000000000000000e+00 0.000000000000000000e+00
