1.000000000000000021e-02 -9.523681767161831235e-01
7.050505050505050109e-02 -3.700585259947157257e-01
1.310101010101010210e-01 3.092074626900909728e-01
1.915151515151515271e-01 9.565449078932467541e-01
2.520202020202020332e-01 1.533547311479914299e+00
3.125252525252525393e-01 2.028001858535047663e+00
3.730303030303030454e-01 2.438874486423830756e+00
4.335353535353535515e-01 2.770397839721899569e+00
4.940404040404040575e-01 3.029252522616969312e+00
5.545454545454545636e-01 3.223091834595516403e+00
6.150505050505050697e-01 3.359736341356445166e+00
6.755555555555555758e-01 3.446732083943814029e+00
7.360606060606060819e-01 3.491116963724571143e+00
7.965656565656565880e-01 3.499310000144993271e+00
8.570707070707070940e-01 3.477073990689798944e+00
9.175757575757576001e-01 3.429521744965977170e+00
9.780808080808081062e-01 3.361147438159955758e+00
1.038585858585858501e+00 3.275871498283499772e+00
1.099090909090909118e+00 3.177091725018780899e+00
1.159595959595959735e+00 3.067736070551762673e+00
1.220101010101010131e+00 2.950314283786950043e+00
1.280606060606060526e+00 2.826966775266702037e+00
1.341111111111111143e+00 2.699509816243182758e+00
1.401616161616161760e+00 2.569476676359188527e+00
1.462121212121212155e+00 2.438154617781872258e+00
1.522626262626262550e+00 2.306617860715310719e+00
1.583131313131313167e+00 2.175756746565508770e+00
1.643636363636363784e+00 2.046303392100727869e+00
1.704141414141414179e+00 1.918854150959498517e+00
1.764646464646464574e+00 1.793889205145932086e+00
1.825151515151515191e+00 1.671789598685213374e+00
1.885656565656565808e+00 1.552852007370993270e+00
1.946161616161616204e+00 1.437301515714253020e+00
2.006666666666666377e+00 1.325302647462371919e+00
2.067171717171716772e+00 1.216968871084164849e+00
2.127676767676767611e+00 1.112370777467903915e+00
2.188181818181818006e+00 1.011543104381067204e+00
2.248686868686868401e+00 9.144907613283589365e-01
2.309191919191919240e+00 8.211939894547416463e-01
2.369696969696969635e+00 7.316127740882367725e-01
2.430202020202020030e+00 6.456906123325620861e-01
2.490707070707070425e+00 5.633577246901797508e-01
2.551212121212120820e+00 4.845337878802704057e-01
2.611717171717171659e+00 4.091302556763553588e-01
2.672222222222222054e+00 3.370523254593049689e-01
2.732727272727272450e+00 2.682006006363956141e-01
2.793232323232323289e+00 2.024724915968024175e-01
2.853737373737373684e+00 1.397633927557777045e-01
2.914242424242424079e+00 7.996766746408584536e-02
2.974747474747474474e+00 2.297946844568557467e-02
3.035252525252524869e+00 -3.130658249695441459e-02
3.095757575757575708e+00 -8.299483506718879910e-02
3.156262626262626103e+00 -1.321881537582459409e-01
3.216767676767676498e+00 -1.789875487076650062e-01
3.277272727272727337e+00 -2.234918811129079641e-01
3.337777777777777732e+00 -2.657976320258520486e-01
3.398282828282828127e+00 -3.059987249179663138e-01
3.458787878787878523e+00 -3.441863937630928461e-01
3.519292929292928918e+00 -3.804490895525047822e-01
3.579797979797979757e+00 -4.148724191618457513e-01
3.640303030303030152e+00 -4.475391113552040223e-01
3.700808080808080547e+00 -4.785290054567502560e-01
3.761313131313131386e+00 -5.079190588619032498e-01
3.821818181818181781e+00 -5.357833701123310144e-01
3.882323232323232176e+00 -5.621932147343889907e-01
3.942828282828282571e+00 -5.872170914499271754e-01
4.003333333333332966e+00 -6.109207767202802231e-01
4.063838383838383805e+00 -6.333673858874097062e-01
4.124343434343433756e+00 -6.546174394365716909e-01
4.184848484848484595e+00 -6.747289331291396186e-01
4.245353535353535435e+00 -6.937574109466339012e-01
4.305858585858585386e+00 -7.117560399526706716e-01
4.366363636363636225e+00 -7.287756863216219294e-01
4.426868686868687064e+00 -7.448649918976913975e-01
4.487373737373737015e+00 -7.600704508089203282e-01
4.547878787878787854e+00 -7.744364855538875547e-01
4.608383838383838693e+00 -7.880055224481993248e-01
4.668888888888888644e+00 -8.008180658928281126e-01
4.729393939393939483e+00 -8.129127713748224293e-01
4.789898989898989434e+00 -8.243265169625293431e-01
4.850404040404040273e+00 -8.350944731540305144e-01
4.910909090909091113e+00 -8.452501709652235906e-01
4.971414141414141064e+00 -8.548255681729665101e-01
5.031919191919191903e+00 -8.638511136536308754e-01
5.092424242424241854e+00 -8.723558097780803600e-01
5.152929292929292693e+00 -8.803672728416030990e-01
5.213434343434343532e+00 -8.879117915218935897e-01
5.273939393939393483e+00 -8.950143833702651763e-01
5.334444444444444322e+00 -9.016988493513432568e-01
5.394949494949495161e+00 -9.079878264545531152e-01
5.455454545454545112e+00 -9.139028384075117417e-01
5.515959595959595951e+00 -9.194643445305070717e-01
5.576464646464646790e+00 -9.246917867471806662e-01
5.636969696969696741e+00 -9.296036348583410769e-01
5.697474747474747581e+00 -9.342174300343708548e-01
5.757979797979797532e+00 -9.385498266467801054e-01
5.818484848484848371e+00 -9.426166324462604829e-01
5.878989898989899210e+00 -9.464328471606829885e-01
5.939494949494949161e+00 -9.500126995447900624e-01
6.000000000000000000e+00 -9.533696829390042593e-01
