1.000000000000000021e-02 -9.567261206789665628e-01
7.050505050505050109e-02 -4.080122889107530293e-01
1.310101010101010210e-01 2.549872462423812269e-01
1.915151515151515271e-01 9.087396760232774318e-01
2.520202020202020332e-01 1.515618996411789432e+00
3.125252525252525393e-01 2.062790610003488290e+00
3.730303030303030454e-01 2.547617746457119914e+00
4.335353535353535515e-01 2.972041292770130738e+00
4.940404040404040575e-01 3.340030331657969587e+00
5.545454545454545636e-01 3.656335327447028050e+00
6.150505050505050697e-01 3.925860031510833625e+00
6.755555555555555758e-01 4.153347194137922749e+00
7.360606060606060819e-01 4.343229590839455589e+00
7.965656565656565880e-01 4.499569714520161412e+00
8.570707070707070940e-01 4.626046993886948400e+00
9.175757575757576001e-01 4.725969891313150484e+00
9.780808080808081062e-01 4.802300237901111934e+00
1.038585858585858501e+00 4.857682727668667155e+00
1.099090909090909118e+00 4.894475647999444234e+00
1.159595959595959735e+00 4.914780734509389681e+00
1.220101010101010131e+00 4.920471083123513445e+00
1.280606060606060526e+00 4.913216652158532760e+00
1.341111111111111143e+00 4.894507229326117148e+00
1.401616161616161760e+00 4.865672922086199392e+00
1.462121212121212155e+00 4.827902330841683742e+00
1.522626262626262550e+00 4.782258604646075995e+00
1.583131313131313167e+00 4.729693594047420291e+00
1.643636363636363784e+00 4.671060311326207248e+00
1.704141414141414179e+00 4.607123895603220554e+00
1.764646464646464574e+00 4.538571263260154254e+00
1.825151515151515191e+00 4.466019605700919826e+00
1.885656565656565808e+00 4.390023878263721535e+00
1.946161616161616204e+00 4.311083406933796880e+00
2.006666666666666377e+00 4.229647723803337200e+00
2.067171717171716772e+00 4.146121728126918704e+00
2.127676767676767611e+00 4.060870257338044631e+00
2.188181818181818006e+00 3.974222141384704976e+00
2.248686868686868401e+00 3.886473804192266623e+00
2.309191919191919240e+00 3.797892467684133244e+00
2.369696969696969635e+00 3.708719006572913202e+00
2.430202020202020030e+00 3.619170495858303305e+00
2.490707070707070425e+00 3.529442487552021390e+00
2.551212121212120820e+00 3.439711048452430919e+00
2.611717171717171659e+00 3.350134586740372900e+00
2.672222222222222054e+00 3.260855491660371364e+00
2.732727272727272450e+00 3.172001607501126585e+00
2.793232323232323289e+00 3.083687560477597955e+00
2.853737373737373684e+00 2.996015954814869264e+00
2.914242424242424079e+00 2.909078452364290079e+00
2.974747474747474474e+00 2.822956748347309919e+00
3.035252525252524869e+00 2.737723454350955876e+00
3.095757575757575708e+00 2.653442898346240586e+00
3.156262626262626103e+00 2.570171850407270142e+00
3.216767676767676498e+00 2.487960181783504865e+00
3.277272727272727337e+00 2.406851464116467554e+00
3.337777777777777732e+00 2.326883514825628829e+00
3.398282828282828127e+00 2.248088894018346995e+00
3.458787878787878523e+00 2.170495357689119054e+00
3.519292929292928918e+00 2.094126271455230448e+00
3.579797979797979757e+00 2.019000988618681713e+00
3.640303030303030152e+00 1.945135195940601580e+00
3.700808080808080547e+00 1.872541230159285641e+00
3.761313131313131386e+00 1.801228367967749211e+00
3.821818181818181781e+00 1.731203091875286537e+00
3.882323232323232176e+00 1.662469334169816682e+00
3.942828282828282571e+00 1.595028700908370567e+00
4.003333333333332966e+00 1.528880677737600280e+00
4.063838383838383805e+00 1.464022819128512953e+00
4.124343434343433756e+00 1.400450922469223203e+00
4.184848484848484595e+00 1.338159188315974246e+00
4.245353535353535435e+00 1.277140367984210823e+00
4.305858585858585386e+00 1.217385899542569927e+00
4.366363636363636225e+00 1.158886033178472941e+00
4.426868686868687064e+00 1.101629946813190486e+00
4.487373737373737015e+00 1.045605852762999444e+00
4.547878787878787854e+00 9.908010961721053222e-01
4.608383838383838693e+00 9.372022458773283660e-01
4.668888888888888644e+00 8.847951783058942699e-01
4.729393939393939483e+00 8.335651549554660145e-01
4.789898989898989434e+00 7.834968939570871038e-01
4.850404040404040273e+00 7.345746361790856938e-01
4.910909090909091113e+00 6.867822062908484071e-01
4.971414141414141064e+00 6.401030691699057806e-01
5.031919191919191903e+00 5.945203820038628129e-01
5.092424242424241854e+00 5.500170424094081856e-01
5.152929292929292693e+00 5.065757328659291625e-01
5.213434343434343532e+00 4.641789617283801905e-01
5.273939393939393483e+00 4.228091010860433596e-01
5.334444444444444322e+00 3.824484216768340161e-01
5.394949494949495161e+00 3.430791250836199846e-01
5.455454545454545112e+00 3.046833734023642881e-01
5.515959595959595951e+00 2.672433165612659867e-01
5.576464646464646790e+00 2.307411174710185808e-01
5.636969696969696741e+00 1.951589751254496630e-01
5.697474747474747581e+00 1.604791458409319804e-01
5.757979797979797532e+00 1.266839627316541372e-01
5.818484848484848371e+00 9.375585355630521034e-02
5.878989898989899210e+00 6.167735704697883264e-02
5.939494949494949161e+00 3.043113782485419583e-02
6.000000000000000000e+00 0.000000000000000000e+00
