1.000000000000000021e-02 -9.129631148784801420e-01
7.050505050505050109e-02 6.277601613667714575e-02
1.310101010101010210e-01 1.056413377322616531e+00
1.915151515151515271e-01 1.882172597517984158e+00
2.520202020202020332e-01 2.522873453608200034e+00
3.125252525252525393e-01 2.997324642089676860e+00
3.730303030303030454e-01 3.332330340597136953e+00
4.335353535353535515e-01 3.554112561463197206e+00
4.940404040404040575e-01 3.685676532037400310e+00
5.545454545454545636e-01 3.746282656753959106e+00
6.150505050505050697e-01 3.751678119559121782e+00
6.755555555555555758e-01 3.714568837781598187e+00
7.360606060606060819e-01 3.645126445126685599e+00
7.965656565656565880e-01 3.551452818854061722e+00
8.570707070707070940e-01 3.439978234735486584e+00
9.175757575757576001e-01 3.315791391121482246e+00
9.780808080808081062e-01 3.182908013882455922e+00
1.038585858585858501e+00 3.044487243520741515e+00
1.099090909090909118e+00 2.903004966538554221e+00
1.159595959595959735e+00 2.760392248513999558e+00
1.220101010101010131e+00 2.618145756146751602e+00
1.280606060606060526e+00 2.477415818895599031e+00
1.341111111111111143e+00 2.339076690888086674e+00
1.401616161616161760e+00 2.203782659178699088e+00
1.462121212121212155e+00 2.072012897532605091e+00
1.522626262626262550e+00 1.944107364556533879e+00
1.583131313131313167e+00 1.820295566939375220e+00
1.643636363636363784e+00 1.700719629945014466e+00
1.704141414141414179e+00 1.585452818297955480e+00
1.764646464646464574e+00 1.474514414757596814e+00
1.825151515151515191e+00 1.367881677659056106e+00
1.885656565656565808e+00 1.265499451874013470e+00
1.946161616161616204e+00 1.167287891610090611e+00
2.006666666666666377e+00 1.073148661613429367e+00
2.067171717171716772e+00 9.829699104922314801e-01
2.127676767676767611e+00 8.966302519853259767e-01
2.188181818181818006e+00 8.140019438930304885e-01
2.248686868686868401e+00 7.349534175863394747e-01
2.309191919191919240e+00 6.593512815716509046e-01
2.369696969696969635e+00 5.870618989878880756e-01
2.430202020202020030e+00 5.179526199515075424e-01
2.490707070707070425e+00 4.518927343989937451e-01
2.551212121212120820e+00 3.887541987818818878e-01
2.611717171717171659e+00 3.284121798438225381e-01
2.672222222222222054e+00 2.707454512412896253e-01
2.732727272727272450e+00 2.156366710397708830e-01
2.793232323232323289e+00 1.629725642870626656e-01
2.853737373737373684e+00 1.126440293505490270e-01
2.914242424242424079e+00 6.454618377250186112e-02
2.974747474747474474e+00 1.857836234908244455e-02
3.035252525252524869e+00 -2.535592219196547772e-02
3.095757575757575708e+00 -6.734904746469327907e-02
3.156262626262626103e+00 -1.074893717745822042e-01
3.216767676767676498e+00 -1.458613409606933919e-01
3.277272727272727337e+00 -1.825456072054199019e-01
3.337777777777777732e+00 -2.176191561549239428e-01
3.398282828282828127e+00 -2.511554394060523387e-01
3.458787878787878523e+00 -2.832245099996086868e-01
3.519292929292928918e+00 -3.138931590348198464e-01
3.579797979797979757e+00 -3.432250519509512654e-01
3.640303030303030152e+00 -3.712808632092713945e-01
3.700808080808080547e+00 -3.981184086415961998e-01
3.761313131313131386e+00 -4.237927746096105119e-01
3.821818181818181781e+00 -4.483564435641944623e-01
3.882323232323232176e+00 -4.718594156018305896e-01
3.942828282828282571e+00 -4.943493257692024301e-01
4.003333333333332966e+00 -5.158715569555285541e-01
4.063838383838383805e+00 -5.364693482871956132e-01
4.124343434343433756e+00 -5.561838989989600357e-01
4.184848484848484595e+00 -5.750544678033578938e-01
4.245353535353535435e+00 -5.931184678171056435e-01
4.305858585858585386e+00 -6.104115571318698974e-01
4.366363636363636225e+00 -6.269677251387444361e-01
4.426868686868687064e+00 -6.428193747317648699e-01
4.487373737373737015e+00 -6.579974005275842641e-01
4.547878787878787854e+00 -6.725312632461102336e-01
4.608383838383838693e+00 -6.864490604018915754e-01
4.668888888888888644e+00 -6.997775934584151702e-01
4.729393939393939483e+00 -7.125424315867777691e-01
4.789898989898989434e+00 -7.247679722583471040e-01
4.850404040404040273e+00 -7.364774985869235735e-01
4.910909090909091113e+00 -7.476932339562639696e-01
4.971414141414141064e+00 -7.584363936856415300e-01
5.031919191919191903e+00 -7.687272341051305524e-01
5.092424242424241854e+00 -7.785850990958685935e-01
5.152929292929292693e+00 -7.880284642345584123e-01
5.213434343434343532e+00 -7.970749786652037150e-01
5.273939393939393483e+00 -8.057415048158430571e-01
5.334444444444444322e+00 -8.140441560728319814e-01
5.394949494949495161e+00 -8.219983325199886615e-01
5.455454545454545112e+00 -8.296187548448932247e-01
5.515959595959595951e+00 -8.369194965095745342e-01
5.576464646464646790e+00 -8.439140142780496845e-01
5.636969696969696741e+00 -8.506151771883920798e-01
5.697474747474747581e+00 -8.570352940526017038e-01
5.757979797979797532e+00 -8.631861395630936462e-01
5.818484848484848371e+00 -8.690789790805484305e-01
5.878989898989899210e+00 -8.747245921737928365e-01
5.939494949494949161e+00 -8.801332949786577764e-01
6.000000000000000000e+00 -8.853149614390738442e-01
