1.000000000000000021e-02 -8.720146358735356706e-01
7.102040816326531114e-02 7.121985571353323108e-01
1.320408163265306134e-01 2.569895154893186540e+00
1.930612244897959295e-01 4.340142397086962589e+00
2.540816326530612179e-01 5.906193510036249705e+00
3.151020408163265341e-01 7.225956572020399094e+00
3.761224489795918502e-01 8.291940093522766730e+00
4.371428571428571663e-01 9.114608699502165123e+00
4.981632653061224825e-01 9.713785618950577572e+00
5.591836734693877986e-01 1.011371315294851847e+01
6.202040816326530592e-01 1.034007811191259663e+01
6.812244897959184309e-01 1.041820742217820239e+01
7.422448979591836915e-01 1.037200351560433553e+01
8.032653061224490632e-01 1.022336124350598574e+01
8.642857142857143238e-01 9.991900346905929098e+00
9.253061224489796954e-01 9.694902387995213644e+00
9.863265306122449561e-01 9.347376290419047606e+00
1.047346938775510328e+00 8.962200468551030141e+00
1.108367346938775588e+00 8.550306101394079761e+00
1.169387755102040849e+00 8.120877821130861207e+00
1.230408163265306110e+00 7.681556341765026552e+00
1.291428571428571592e+00 7.238633365626010452e+00
1.352448979591836853e+00 6.797233131371726245e+00
1.413469387755102114e+00 6.361477717291086798e+00
1.474489795918367374e+00 5.934635032278192668e+00
1.535510204081632635e+00 5.519249611043480108e+00
1.596530612244898117e+00 5.117257040041305771e+00
1.657551020408163378e+00 4.730083248437636279e+00
1.718571428571428639e+00 4.358730089783440675e+00
1.779591836734693899e+00 4.003848693927334779e+00
1.840612244897959382e+00 3.665802036466634384e+00
1.901632653061224643e+00 3.344718086160701986e+00
1.962653061224489903e+00 3.040534780471609633e+00
2.023673469387754942e+00 2.753037953044630282e+00
2.084693877551020424e+00 2.481893211954143474e+00
2.145714285714285463e+00 2.226672646093975860e+00
2.206734693877550946e+00 1.986877124331558608e+00
2.267755102040816428e+00 1.761954849540116053e+00
2.328775510204081467e+00 1.551316736906092730e+00
2.389795918367346950e+00 1.354349107915458816e+00
2.450816326530611988e+00 1.170424114118206127e+00
2.511836734693877471e+00 9.989082509394813236e-01
2.572857142857142954e+00 8.391692622376716315e-01
2.633877551020407992e+00 6.905816936600784883e-01
2.694897959183673475e+00 5.525313127354190001e-01
2.755918367346938513e+00 4.244185802790242379e-01
2.816938775510203996e+00 3.056613291821180800e-01
2.877959183673469479e+00 1.956967824399670486e-01
2.938979591836734517e+00 9.398302168278545310e-02
3.000000000000000000e+00 0.000000000000000000e+00
