1.000000000000000021e-02 -9.871228044182384087e-01
7.102040816326531114e-02 -8.078081213660122106e-01
1.320408163265306134e-01 -5.651690225753295271e-01
1.930612244897959295e-01 -3.023083172101527771e-01
2.540816326530612179e-01 -3.947082966527454967e-02
3.151020408163265341e-01 2.111679188593197642e-01
3.761224489795918502e-01 4.421245715563203449e-01
4.371428571428571663e-01 6.490950320652244532e-01
4.981632653061224825e-01 8.300309920569329813e-01
5.591836734693877986e-01 9.844838014673616966e-01
6.202040816326530592e-01 1.113109742634993404e+00
6.812244897959184309e-01 1.217292598113152158e+00
7.422448979591836915e-01 1.298858862555725802e+00
8.032653061224490632e-01 1.359867615059291657e+00
8.642857142857143238e-01 1.402460012741347350e+00
9.253061224489796954e-01 1.428755427741623008e+00
9.863265306122449561e-01 1.440783192455568074e+00
1.047346938775510328e+00 1.440440833445195024e+00
1.108367346938775588e+00 1.429471481579225323e+00
1.169387755102040849e+00 1.409454758176088118e+00
1.230408163265306110e+00 1.381806806781587182e+00
1.291428571428571592e+00 1.347786258677200255e+00
1.352448979591836853e+00 1.308503804318441599e+00
1.413469387755102114e+00 1.264933723274413335e+00
1.474489795918367374e+00 1.217926236989514743e+00
1.535510204081632635e+00 1.168219925865807696e+00
1.596530612244898117e+00 1.116453724915599910e+00
1.657551020408163378e+00 1.063178205763354756e+00
1.718571428571428639e+00 1.008865987330804792e+00
1.779591836734693899e+00 9.539212089155674201e-01
1.840612244897959382e+00 8.986880596157341694e-01
1.901632653061224643e+00 8.434583961981141353e-01
1.962653061224489903e+00 7.884785041759643232e-01
2.023673469387754942e+00 7.339550689640024217e-01
2.084693877551020424e+00 6.800604289206801933e-01
2.145714285714285463e+00 6.269371824077988320e-01
2.206734693877550946e+00 5.747022183982404275e-01
2.267755102040816428e+00 5.234502358534266486e-01
2.328775510204081467e+00 4.732568118926191447e-01
2.389795918367346950e+00 4.241810732211237500e-01
2.450816326530611988e+00 3.762680197353519551e-01
2.511836734693877471e+00 3.295505438867228909e-01
2.572857142857142954e+00 2.840511844023594912e-01
2.633877551020407992e+00 2.397836483783910566e-01
2.694897959183673475e+00 1.967541316176159016e-01
2.755918367346938513e+00 1.549624633672462837e-01
2.816938775510203996e+00 1.144030983057676421e-01
2.877959183673469479e+00 7.506597571515459533e-02
2.938979591836734517e+00 3.693726319040897821e-02
3.000000000000000000e+00 0.000000000000000000e+00
