1.000000000000000021e-02 -9.584443499032549996e-01
7.050505050505050109e-02 -4.315479866434311362e-01
1.310101010101010210e-01 2.108437157830580777e-01
1.915151515151515271e-01 8.500875752610268510e-01
2.520202020202020332e-01 1.446659661503924443e+00
3.125252525252525393e-01 1.984678391394476327e+00
3.730303030303030454e-01 2.458835054808602205e+00
4.335353535353535515e-01 2.869172872965778609e+00
4.940404040404040575e-01 3.218542351526204381e+00
5.545454545454545636e-01 3.511226105400146569e+00
6.150505050505050697e-01 3.752152521031783650e+00
6.755555555555555758e-01 3.946433880856670129e+00
7.360606060606060819e-01 4.099094276520878211e+00
7.965656565656565880e-01 4.214913004008128183e+00
8.570707070707070940e-01 4.298339912509328897e+00
9.175757575757576001e-01 4.353456127542155940e+00
9.780808080808081062e-01 4.383963342101004024e+00
1.038585858585858501e+00 4.393190842373327243e+00
1.099090909090909118e+00 4.384113174019550918e+00
1.159595959595959735e+00 4.359373776406647139e+00
1.220101010101010131e+00 4.321311509784369065e+00
1.280606060606060526e+00 4.271988070348849753e+00
1.341111111111111143e+00 4.213215011406910904e+00
1.401616161616161760e+00 4.146579579853218789e+00
1.462121212121212155e+00 4.073468910255280129e+00
1.522626262626262550e+00 3.995092343434851312e+00
1.583131313131313167e+00 3.912501785984154878e+00
1.643636363636363784e+00 3.826610124674420632e+00
1.704141414141414179e+00 3.738207771146535130e+00
1.764646464646464574e+00 3.647977448784946564e+00
1.825151515151515191e+00 3.556507353166200147e+00
1.885656565656565808e+00 3.464302825407118203e+00
1.946161616161616204e+00 3.371796678088104127e+00
2.006666666666666377e+00 3.279358308878199679e+00
2.067171717171716772e+00 3.187301729504238068e+00
2.127676767676767611e+00 3.095892628513194911e+00
2.188181818181818006e+00 3.005354576445205872e+00
2.248686868686868401e+00 2.915874471960987258e+00
2.309191919191919240e+00 2.827607317711787527e+00
2.369696969696969635e+00 2.740680405456818569e+00
2.430202020202020030e+00 2.655196981288181490e+00
2.490707070707070425e+00 2.571239453871952296e+00
2.551212121212120820e+00 2.488872201403347972e+00
2.611717171717171659e+00 2.408144026443388430e+00
2.672222222222222054e+00 2.329090301975284660e+00
2.732727272727272450e+00 2.251734846808174151e+00
2.793232323232323289e+00 2.176091563833155718e+00
2.853737373737373684e+00 2.102165870539456360e+00
2.914242424242424079e+00 2.029955947613840461e+00
2.974747474747474474e+00 1.959453828182079915e+00
3.035252525252524869e+00 1.890646347589536536e+00
3.095757575757575708e+00 1.823515970995718716e+00
3.156262626262626103e+00 1.758041514083053869e+00
3.216767676767676498e+00 1.694198770088318318e+00
3.277272727272727337e+00 1.631961054889244256e+00
3.337777777777777732e+00 1.571299680324488302e+00
3.398282828282828127e+00 1.512184364690634775e+00
3.458787878787878523e+00 1.454583588245361936e+00
3.519292929292928918e+00 1.398464900574012626e+00
3.579797979797979757e+00 1.343795185827245886e+00
3.640303030303030152e+00 1.290540891093850506e+00
3.700808080808080547e+00 1.238668222521744022e+00
3.761313131313131386e+00 1.188143313231218912e+00
3.821818181818181781e+00 1.138932366565432508e+00
3.882323232323232176e+00 1.091001777787095728e+00
3.942828282828282571e+00 1.044318236947620715e+00
4.003333333333332966e+00 9.988488153205120623e-01
4.063838383838383805e+00 9.545610374969578649e-01
4.124343434343433756e+00 9.114229409844881724e-01
4.184848484848484595e+00 8.694031249239733139e-01
4.245353535353535435e+00 8.284707893423283176e-01
4.305858585858585386e+00 7.885957661847207145e-01
4.366363636363636225e+00 7.497485432219734847e-01
4.426868686868687064e+00 7.119002817628657942e-01
4.487373737373737015e+00 6.750228290854378699e-01
4.547878787878787854e+00 6.390887262237657795e-01
4.608383838383838693e+00 6.040712118223320326e-01
4.668888888888888644e+00 5.699442226193939254e-01
4.729393939393939483e+00 5.366823910343837545e-01
4.789898989898989434e+00 5.042610403069701652e-01
4.850404040404040273e+00 4.726561775659729459e-01
4.910909090909091113e+00 4.418444851607404300e-01
4.971414141414141064e+00 4.118033105461660903e-01
5.031919191919191903e+00 3.825106549751696172e-01
5.092424242424241854e+00 3.539451612202363928e-01
5.152929292929292693e+00 3.260861005170345162e-01
5.213434343434343532e+00 2.989133588978247769e-01
5.273939393939393483e+00 2.724074230605522673e-01
5.334444444444444322e+00 2.465493658997092996e-01
5.394949494949495161e+00 2.213208318083202675e-01
5.455454545454545112e+00 1.967040218450667732e-01
5.515959595959595951e+00 1.726816788475096787e-01
5.576464646464646790e+00 1.492370725607740090e-01
5.636969696969696741e+00 1.263539848406962929e-01
5.697474747474747581e+00 1.040166949817517145e-01
5.757979797979797532e+00 8.220996521197823648e-02
5.818484848484848371e+00 6.091902639044171480e-02
5.878989898989899210e+00 4.012956393654929649e-02
5.939494949494949161e+00 1.982770401561149975e-02
6.000000000000000000e+00 0.000000000000000000e+00
