1.000000000000000021e-02 4.486027826006092312e+01
7.050505050505050109e-02 6.451767128427758280e+02
1.310101010101010210e-01 1.412047185505409288e+03
1.915151515151515271e-01 2.199854869940931621e+03
2.520202020202020332e-01 2.945622303532303704e+03
3.125252525252525393e-01 3.615425299197093409e+03
3.730303030303030454e-01 4.191754537094174339e+03
4.335353535353535515e-01 4.667712016772660718e+03
4.940404040404040575e-01 5.043470007128339603e+03
5.545454545454545636e-01 5.323815135381099935e+03
6.150505050505050697e-01 5.516367802540094999e+03
6.755555555555555758e-01 5.630288700606095517e+03
7.360606060606060819e-01 5.675357956788064257e+03
7.965656565656565880e-01 5.661341978602617928e+03
8.570707070707070940e-01 5.597579390452409825e+03
9.175757575757576001e-01 5.492729866453380055e+03
9.780808080808081062e-01 5.354640591020489410e+03
1.038585858585858501e+00 5.190294834033336883e+03
1.099090909090909118e+00 5.005815565391657401e+03
1.159595959595959735e+00 4.806504044844487908e+03
1.220101010101010131e+00 4.596898933441739246e+03
1.280606060606060526e+00 4.380845816639040095e+03
1.341111111111111143e+00 4.161570297651966939e+03
1.401616161616161760e+00 3.941750212725312394e+03
1.462121212121212155e+00 3.723584235113648901e+03
1.522626262626262550e+00 3.508855327815167129e+03
1.583131313131313167e+00 3.298988317892589748e+03
1.643636363636363784e+00 3.095101399204633708e+03
1.704141414141414179e+00 2.898051707567242374e+03
1.764646464646464574e+00 2.708475312758434939e+03
1.825151515151515191e+00 2.526822078343293924e+03
1.885656565656565808e+00 2.353385885929989854e+03
1.946161616161616204e+00 2.188330725515891572e+03
2.006666666666666377e+00 2.031713134899785473e+03
2.067171717171716772e+00 1.883501438326039079e+03
2.127676767676767611e+00 1.743592194910476792e+03
2.188181818181818006e+00 1.611824225157772162e+03
2.248686868686868401e+00 1.487990543122122972e+03
2.309191919191919240e+00 1.371848480811254831e+03
2.369696969696969635e+00 1.263128257085351379e+03
2.430202020202020030e+00 1.161540208904320025e+03
2.490707070707070425e+00 1.066780874294880050e+03
2.551212121212120820e+00 9.785380903707451807e+02
2.611717171717171659e+00 8.964952471768000350e+02
2.672222222222222054e+00 8.203348184812297177e+02
2.732727272727272450e+00 7.497412736304220289e+02
2.793232323232323289e+00 6.844034599235142196e+02
2.853737373737373684e+00 6.240165322406426185e+02
2.914242424242424079e+00 5.682834961642300868e+02
2.974747474747474474e+00 5.169164208638590026e+02
3.035252525252524869e+00 4.696373708938072014e+02
3.095757575757575708e+00 4.261790985682155224e+02
3.156262626262626103e+00 3.862855330746350546e+02
3.216767676767676498e+00 3.497120973936275732e+02
3.277272727272727337e+00 3.162258798198353702e+02
3.337777777777777732e+00 2.856056831957326381e+02
3.398282828282828127e+00 2.576419718871600821e+02
3.458787878787878523e+00 2.321367335970735155e+02
3.519292929292928918e+00 2.089032711470736388e+02
3.579797979797979757e+00 1.877659369740912609e+02
3.640303030303030152e+00 1.685598215650931309e+02
3.700808080808080547e+00 1.511304054740241156e+02
3.761313131313131386e+00 1.353331832661634451e+02
3.821818181818181781e+00 1.210332665961852001e+02
3.882323232323232176e+00 1.081049726335155157e+02
3.942828282828282571e+00 9.643140318130976141e+01
4.003333333333332966e+00 8.590401907586362995e+01
4.063838383838383805e+00 7.642221378680872590e+01
4.124343434343433756e+00 6.789288955277925197e+01
4.184848484848484595e+00 6.023003887156070135e+01
4.245353535353535435e+00 5.335433370906263661e+01
4.305858585858585386e+00 4.719272439040540945e+01
4.366363636363636225e+00 4.167804978219862022e+01
4.426868686868687064e+00 3.674866006235954785e+01
4.487373737373737015e+00 3.234805309820468722e+01
4.547878787878787854e+00 2.842452520959989215e+01
4.608383838383838693e+00 2.493083688048654523e+01
4.668888888888888644e+00 2.182389379365461579e+01
4.729393939393939483e+00 1.906444339919580955e+01
4.789898989898989434e+00 1.661678708354585865e+01
4.850404040404040273e+00 1.444850788168812983e+01
4.910909090909091113e+00 1.253021356780685380e+01
4.971414141414141064e+00 1.083529486815672982e+01
5.031919191919191903e+00 9.339698462360203735e+00
5.092424242424241854e+00 8.021714374574612449e+00
5.152929292929292693e+00 6.861777302771612241e+00
5.213434343434343532e+00 5.842281391478647556e+00
5.273939393939393483e+00 4.947407919875524307e+00
5.334444444444444322e+00 4.162965352025154608e+00
5.394949494949495161e+00 3.476242224090202892e+00
5.455454545454545112e+00 2.875864967129233563e+00
5.515959595959595951e+00 2.351682037756416932e+00
5.576464646464646790e+00 1.894637171706681444e+00
5.636969696969696741e+00 1.496667776829527119e+00
5.697474747474747581e+00 1.150605933232832001e+00
5.757979797979797532e+00 8.500887589680767853e-01
5.818484848484848371e+00 5.894765490828601795e-01
5.878989898989899210e+00 3.637781586486419916e-01
5.939494949494949161e+00 1.685831193854307741e-01
6.000000000000000000e+00 0.000000000000000000e+00
