1.000000000000000021e-02 3.956676504104465408e+01
7.050505050505050109e-02 5.419759843758001807e+02
1.310101010101010210e-01 1.140348653964815412e+03
1.915151515151515271e-01 1.718578437674640554e+03
2.520202020202020332e-01 2.236221239139296358e+03
3.125252525252525393e-01 2.676860244828249051e+03
3.730303030303030454e-01 3.035841894125230738e+03
4.335353535353535515e-01 3.315014778919561650e+03
4.940404040404040575e-01 3.519875796845342848e+03
5.545454545454545636e-01 3.657837586659227327e+03
6.150505050505050697e-01 3.737126445020455321e+03
6.755555555555555758e-01 3.766077327419221547e+03
7.360606060606060819e-01 3.752694302731681546e+03
7.965656565656565880e-01 3.704392661556927578e+03
8.570707070707070940e-01 3.627865301132194418e+03
9.175757575757576001e-01 3.529032708617661228e+03
9.780808080808081062e-01 3.413047420670955489e+03
1.038585858585858501e+00 3.284332229462015675e+03
1.099090909090909118e+00 3.146637599355948169e+03
1.159595959595959735e+00 3.003108338663125323e+03
1.220101010101010131e+00 2.856352908839432530e+03
1.280606060606060526e+00 2.708511157853643454e+03
1.341111111111111143e+00 2.561317957340558223e+03
1.401616161616161760e+00 2.416161389764207797e+03
1.462121212121212155e+00 2.274134913354893342e+03
1.522626262626262550e+00 2.136083437934441463e+03
1.583131313131313167e+00 2.002643555762412461e+03
1.643636363636363784e+00 1.874278348682231581e+03
1.704141414141414179e+00 1.751307280002525658e+03
1.764646464646464574e+00 1.633931707851985948e+03
1.825151515151515191e+00 1.522256548760202804e+03
1.885656565656565808e+00 1.416308589291048520e+03
1.946161616161616204e+00 1.316051902853540241e+03
2.006666666666666377e+00 1.221400781380567651e+03
2.067171717171716772e+00 1.132230544641905908e+03
2.127676767676767611e+00 1.048386544379977295e+03
2.188181818181818006e+00 9.696916383050401009e+02
2.248686868686868401e+00 8.959523708474117711e+02
2.309191919191919240e+00 8.269640632816114021e+02
2.369696969696969635e+00 7.625149870750256014e+02
2.430202020202020030e+00 7.023897661870556703e+02
2.490707070707070425e+00 6.463721343347641550e+02
2.551212121212120820e+00 5.942471518396074543e+02
2.611717171717171659e+00 5.458029713192839836e+02
2.672222222222222054e+00 5.008322271938322956e+02
2.732727272727272450e+00 4.591331121476401336e+02
2.793232323232323289e+00 4.205101936441123485e+02
2.853737373737373684e+00 3.847750151091713633e+02
2.914242424242424079e+00 3.517465192065438373e+02
2.974747474747474474e+00 3.212513246443778030e+02
3.035252525252524869e+00 2.931238829672153088e+02
3.095757575757575708e+00 2.672065370692955071e+02
3.156262626262626103e+00 2.433495003313240090e+02
3.216767676767676498e+00 2.214107715556021958e+02
3.277272727272727337e+00 2.012559987331045193e+02
3.337777777777777732e+00 1.827583024276723620e+02
3.398282828282828127e+00 1.657980677913190846e+02
3.458787878787878523e+00 1.502627127240458833e+02
3.519292929292928918e+00 1.360464384236079525e+02
3.579797979797979757e+00 1.230499675732601190e+02
3.640303030303030152e+00 1.111802743382143177e+02
3.700808080808080547e+00 1.003503099211330749e+02
3.761313131313131386e+00 9.047872646553813070e+01
3.821818181818181781e+00 8.148960177089914225e+01
3.882323232323232176e+00 7.331216679188302976e+01
3.942828282828282571e+00 6.588053747399213478e+01
4.003333333333332966e+00 5.913345225643713121e+01
4.063838383838383805e+00 5.301401622480626230e+01
4.124343434343433756e+00 4.746945272088412793e+01
4.184848484848484595e+00 4.245086301715492283e+01
4.245353535353535435e+00 3.791299450805430382e+01
4.305858585858585386e+00 3.381401773932855548e+01
4.366363636363636225e+00 3.011531248387706583e+01
4.426868686868687064e+00 2.678126297974798575e+01
4.487373737373737015e+00 2.377906237026267888e+01
4.547878787878787854e+00 2.107852631692704293e+01
4.608383838383838693e+00 1.865191570290303957e+01
4.668888888888888644e+00 1.647376829875006976e+01
4.729393939393939483e+00 1.452073922412845164e+01
4.789898989898989434e+00 1.277145000803792740e+01
4.850404040404040273e+00 1.120634602458197193e+01
4.910909090909091113e+00 9.807562060717383901e+00
4.971414141414141064e+00 8.558795756113513065e+00
5.031919191919191903e+00 7.445188642637081244e+00
5.092424242424241854e+00 6.453214501543181214e+00
5.152929292929292693e+00 5.570574749827651218e+00
5.213434343434343532e+00 4.786100562994347385e+00
5.273939393939393483e+00 4.089661439420759770e+00
5.334444444444444322e+00 3.472079911291234833e+00
5.394949494949495161e+00 2.925052108485330926e+00
5.455454545454545112e+00 2.441073884645020620e+00
5.515959595959595951e+00 2.013372218718262108e+00
5.576464646464646790e+00 1.635841610433996562e+00
5.636969696969696741e+00 1.302985194233068356e+00
5.697474747474747581e+00 1.009860303065593268e+00
5.757979797979797532e+00 7.520286716993037635e-01
5.818484848484848371e+00 5.255078717691517021e-01
5.878989898989899210e+00 3.267331987265018056e-01
5.939494949494949161e+00 1.525140010892778730e-01
6.000000000000000000e+00 0.000000000000000000e+00
