1.000000000000000021e-02 -9.428878446313289086e-01
7.050505050505050109e-02 -2.781971314895535508e-01
1.310101010101010210e-01 4.427345023127590151e-01
1.915151515151515271e-01 1.085055314251096803e+00
2.520202020202020332e-01 1.623560798043123032e+00
3.125252525252525393e-01 2.059697451319982164e+00
3.730303030303030454e-01 2.403314293685405278e+00
4.335353535353535515e-01 2.666451089966164201e+00
4.940404040404040575e-01 2.860971676714300749e+00
5.545454545454545636e-01 2.997680016989821450e+00
6.150505050505050697e-01 3.086056713024350806e+00
6.755555555555555758e-01 3.134260002439793524e+00
7.360606060606060819e-01 3.149234061647381733e+00
7.965656565656565880e-01 3.136853097455492900e+00
8.570707070707070940e-01 3.102068823985000279e+00
9.175757575757576001e-01 3.049047392942383361e+00
9.780808080808081062e-01 2.981290675437407778e+00
1.038585858585858501e+00 2.901740964638661158e+00
1.099090909090909118e+00 2.812870045236289585e+00
1.159595959595959735e+00 2.716754317457806600e+00
1.220101010101010131e+00 2.615137851062039775e+00
1.280606060606060526e+00 2.509485174749183756e+00
1.341111111111111143e+00 2.401025427013081970e+00
1.401616161616161760e+00 2.290789281927446464e+00
1.462121212121212155e+00 2.179639853109158754e+00
1.522626262626262550e+00 2.068298586762596702e+00
1.583131313131313167e+00 1.957366988656073170e+00
1.643636363636363784e+00 1.847344883251692771e+00
1.704141414141414179e+00 1.738645787226464678e+00
1.764646464646464574e+00 1.631609875976741675e+00
1.825151515151515191e+00 1.526514940509207552e+00
1.885656565656565808e+00 1.423585663215733765e+00
1.946161616161616204e+00 1.323001484758022039e+00
2.006666666666666377e+00 1.224903287962047171e+00
2.067171717171716772e+00 1.129399086181158252e+00
2.127676767676767611e+00 1.036568873145767844e+00
2.188181818181818006e+00 9.464687634186118581e-01
2.248686868686868401e+00 8.591345336442973712e-01
2.309191919191919240e+00 7.745846550961008603e-01
2.369696969696969635e+00 6.928228943376271154e-01
2.430202020202020030e+00 6.138405463510573368e-01
2.490707070707070425e+00 5.376183543805396203e-01
2.551212121212120820e+00 4.641281622883146052e-01
2.611717171717171659e+00 3.933343381605056144e-01
2.672222222222222054e+00 3.251950019884762288e-01
2.732727272727272450e+00 2.596630852931567923e-01
2.793232323232323289e+00 1.966872463923180769e-01
2.853737373737373684e+00 1.362126614994477458e-01
2.914242424242424079e+00 7.818170888080050451e-02
2.974747474747474474e+00 2.253456079168321413e-02
3.035252525252524869e+00 -3.079030420883998795e-02
3.095757575757575708e+00 -8.185565776719401498e-02
3.156262626262626103e+00 -1.307251378017676435e-01
3.216767676767676498e+00 -1.774629161645363273e-01
3.277272727272727337e+00 -2.221334110479387114e-01
3.337777777777777732e+00 -2.648010382381169592e-01
3.398282828282828127e+00 -3.055299960989932839e-01
3.458787878787878523e+00 -3.443840801069801838e-01
3.519292929292928918e+00 -3.814265225216912913e-01
3.579797979797979757e+00 -4.167198549566951127e-01
3.640303030303030152e+00 -4.503257899760398919e-01
3.700808080808080547e+00 -4.823051198870746403e-01
3.761313131313131386e+00 -5.127176303966048954e-01
3.821818181818181781e+00 -5.416220273180252232e-01
3.882323232323232176e+00 -5.690758747319971667e-01
3.942828282828282571e+00 -5.951355432146209212e-01
4.003333333333332966e+00 -6.198561669293231047e-01
4.063838383838383805e+00 -6.432916085371451764e-01
4.124343434343433756e+00 -6.654944310161537979e-01
4.184848484848484595e+00 -6.865158755970801607e-01
4.245353535353535435e+00 -7.064058451334268574e-01
4.305858585858585386e+00 -7.252128923214167244e-01
4.366363636363636225e+00 -7.429842121354903739e-01
4.426868686868687064e+00 -7.597656382591400082e-01
4.487373737373737015e+00 -7.756016428409716612e-01
4.547878787878787854e+00 -7.905353393988674426e-01
4.608383838383838693e+00 -8.046084885018781607e-01
4.668888888888888644e+00 -8.178615059663305598e-01
4.729393939393939483e+00 -8.303334733246456878e-01
4.789898989898989434e+00 -8.420621503524660101e-01
4.850404040404040273e+00 -8.530839894625922293e-01
4.910909090909091113e+00 -8.634341517938820543e-01
4.971414141414141064e+00 -8.731465248401961698e-01
5.031919191919191903e+00 -8.822537414785968091e-01
5.092424242424241854e+00 -8.907872002683232537e-01
5.152929292929292693e+00 -8.987770869067120971e-01
5.213434343434343532e+00 -9.062523967042852568e-01
5.273939393939393483e+00 -9.132409580518613401e-01
5.334444444444444322e+00 -9.197694566831169372e-01
5.394949494949495161e+00 -9.258634607073930045e-01
5.455454545454545112e+00 -9.315474463238244685e-01
5.515959595959595951e+00 -9.368448241122765419e-01
5.576464646464646790e+00 -9.417779658362922524e-01
5.636969696969696741e+00 -9.463682316802711769e-01
5.697474747474747581e+00 -9.506359978483527318e-01
5.757979797979797532e+00 -9.546006844549529413e-01
5.818484848484848371e+00 -9.582807836392107648e-01
5.878989898989899210e+00 -9.616938878377607747e-01
5.939494949494949161e+00 -9.648567181523930447e-01
6.000000000000000000e+00 -9.677851527512166818e-01
