1.000000000000000021e-02 8.480411815378936250e+14
7.050505050505050109e-02 9.990975087492914000e+15
1.310101010101010210e-01 1.891450989114286800e+16
1.915151515151515271e-01 2.597400424975914400e+16
2.520202020202020332e-01 3.107271394409842400e+16
3.125252525252525393e-01 3.443465902273121600e+16
3.730303030303030454e-01 3.635246010675405600e+16
4.335353535353535515e-01 3.711023088924893600e+16
4.940404040404040575e-01 3.695950082937832800e+16
5.545454545454545636e-01 3.611402788383773600e+16
6.150505050505050697e-01 3.475157455689102400e+16
6.755555555555555758e-01 3.301801937582250400e+16
7.360606060606060819e-01 3.103193791031949200e+16
7.965656565656565880e-01 2.888891957476522800e+16
8.570707070707070940e-01 2.666536898239970800e+16
9.175757575757576001e-01 2.442174666833724000e+16
9.780808080808081062e-01 2.220528776251369600e+16
1.038585858585858501e+00 2.005226609694316400e+16
1.099090909090909118e+00 1.798987586108508600e+16
1.159595959595959735e+00 1.603779742919465800e+16
1.220101010101010131e+00 1.420950493872460000e+16
1.280606060606060526e+00 1.251336357966637600e+16
1.341111111111111143e+00 1.095355563359926000e+16
1.401616161616161760e+00 9.530866540945840000e+15
1.462121212121212155e+00 8.243355764602004000e+15
1.522626262626262550e+00 7.086931884870409000e+15
1.583131313131313167e+00 6.055847071245982000e+15
1.643636363636363784e+00 5.143122684435025000e+15
1.704141414141414179e+00 4.340915127032836500e+15
1.764646464646464574e+00 3.640829057334262000e+15
1.825151515151515191e+00 3.034183596403402500e+15
1.885656565656565808e+00 2.512236097900418000e+15
1.946161616161616204e+00 2.066367320919402250e+15
2.006666666666666377e+00 1.688231391063799000e+15
2.067171717171716772e+00 1.369873657169039750e+15
2.127676767676767611e+00 1.103819428433111125e+15
2.188181818181818006e+00 8.831365305663318750e+14
2.248686868686868401e+00 7.014746230592706250e+14
2.309191919191919240e+00 5.530842324864056875e+14
2.369696969696969635e+00 4.328184548691470625e+14
2.430202020202020030e+00 3.361202418463616875e+14
2.490707070707070425e+00 2.589981013724510312e+14
2.551212121212120820e+00 1.979929075618076562e+14
2.611717171717171659e+00 1.501383273673629062e+14
2.672222222222222054e+00 1.129171396513430312e+14
2.732727272727272450e+00 8.421545417242020312e+13
2.793232323232323289e+00 6.227656180719945312e+13
2.853737373737373684e+00 4.565571467601843750e+13
2.914242424242424079e+00 3.317728285734766797e+13
2.974747474747474474e+00 2.389454280644055078e+13
3.035252525252524869e+00 1.705321202396430078e+13
3.095757575757575708e+00 1.205870558026552344e+13
3.156262626262626103e+00 8.447338554766745117e+12
3.216767676767676498e+00 5.861404914136590820e+12
3.277272727272727337e+00 4.027952417906560547e+12
3.337777777777777732e+00 2.740981974662094727e+12
3.398282828282828127e+00 1.846741191265249268e+12
3.458787878787878523e+00 1.231751222580090820e+12
3.519292929292928918e+00 8.131985648301182861e+11
3.579797979797979757e+00 5.313325601683390503e+11
3.640303030303030152e+00 3.435365155478123779e+11
3.700808080808080547e+00 2.197639963396292114e+11
3.761313131313131386e+00 1.390779669643099365e+11
3.821818181818181781e+00 8.706020307715295410e+10
3.882323232323232176e+00 5.389920874402820587e+10
3.942828282828282571e+00 3.299808354757659149e+10
4.003333333333332966e+00 1.997474906251104355e+10
4.063838383838383805e+00 1.195372711797346306e+10
4.124343434343433756e+00 7.071283917223777771e+09
4.184848484848484595e+00 4.134377453194868565e+09
4.245353535353535435e+00 2.388819319853847027e+09
4.305858585858585386e+00 1.363837640687463045e+09
4.366363636363636225e+00 7.692961042462019920e+08
4.426868686868687064e+00 4.286685544147757888e+08
4.487373737373737015e+00 2.359354138367252350e+08
4.547878787878787854e+00 1.282492025321093649e+08
4.608383838383838693e+00 6.884197207319539785e+07
4.668888888888888644e+00 3.648686185838582367e+07
4.729393939393939483e+00 1.909203510799190775e+07
4.789898989898989434e+00 9.861631910343945026e+06
4.850404040404040273e+00 5.027765066481976770e+06
4.910909090909091113e+00 2.529763794879127759e+06
4.971414141414141064e+00 1.256068604886992602e+06
5.031919191919191903e+00 6.153540858858297579e+05
5.092424242424241854e+00 2.974167397407901008e+05
5.152929292929292693e+00 1.418027778264493099e+05
5.213434343434343532e+00 6.668579873101241537e+04
5.273939393939393483e+00 3.092863228567233818e+04
5.334444444444444322e+00 1.414535471968932688e+04
5.394949494949495161e+00 6.378721322276232968e+03
5.455454545454545112e+00 2.835606673282603424e+03
5.515959595959595951e+00 1.242340377971348744e+03
5.576464646464646790e+00 5.361902282247297080e+02
5.636969696969696741e+00 2.277532871529307386e+02
5.697474747474747581e+00 9.499799415881375353e+01
5.757979797979797532e+00 3.869788109558557210e+01
5.818484848484848371e+00 1.517476559368455824e+01
5.878989898989899210e+00 5.492764971302312560e+00
5.939494949494949161e+00 1.567427974744154628e+00
6.000000000000000000e+00 0.000000000000000000e+00
