1.000000000000000021e-02 -9.587820993697693250e-01
7.050505050505050109e-02 -4.044530443192907443e-01
1.310101010101010210e-01 3.232701365041045771e-01
1.915151515151515271e-01 1.095323096694442500e+00
2.520202020202020332e-01 1.858207834745007503e+00
3.125252525252525393e-01 2.583212254308314915e+00
3.730303030303030454e-01 3.254344326579452940e+00
4.335353535353535515e-01 3.863217318704056602e+00
4.940404040404040575e-01 4.406306588062965268e+00
5.545454545454545636e-01 4.883276418737438007e+00
6.150505050505050697e-01 5.295880892061129330e+00
6.755555555555555758e-01 5.647210892109853830e+00
7.360606060606060819e-01 5.941167078087154607e+00
7.965656565656565880e-01 6.182088299207586957e+00
8.570707070707070940e-01 6.374490491558774785e+00
9.175757575757576001e-01 6.522885581898292706e+00
9.780808080808081062e-01 6.631658838499410180e+00
1.038585858585858501e+00 6.704988984357511228e+00
1.099090909090909118e+00 6.746799470008469690e+00
1.159595959595959735e+00 6.760732248606119654e+00
1.220101010101010131e+00 6.750137575085281227e+00
1.280606060606060526e+00 6.718074988101736089e+00
1.341111111111111143e+00 6.667321872788406267e+00
1.401616161616161760e+00 6.600386943533221640e+00
1.462121212121212155e+00 6.519526700400025909e+00
1.522626262626262550e+00 6.426763453559540373e+00
1.583131313131313167e+00 6.323903917510166117e+00
1.643636363636363784e+00 6.212557681938357668e+00
1.704141414141414179e+00 6.094155092732196799e+00
1.764646464646464574e+00 5.969964244034716039e+00
1.825151515151515191e+00 5.841106902529743294e+00
1.885656565656565808e+00 5.708573274580230894e+00
1.946161616161616204e+00 5.573235586282059728e+00
2.006666666666666377e+00 5.435860490218574981e+00
2.067171717171716772e+00 5.297120340468993049e+00
2.127676767676767611e+00 5.157603395416202829e+00
2.188181818181818006e+00 5.017823018212115294e+00
2.248686868686868401e+00 4.878225949788755678e+00
2.309191919191919240e+00 4.739199730557731804e+00
2.369696969696969635e+00 4.601079345636589046e+00
2.430202020202020030e+00 4.464153165466666628e+00
2.490707070707070425e+00 4.328668249651120625e+00
2.551212121212120820e+00 4.194835077237130783e+00
2.611717171717171659e+00 4.062831761778191719e+00
2.672222222222222054e+00 3.932807804615213065e+00
2.732727272727272450e+00 3.804887435004773000e+00
2.793232323232323289e+00 3.679172581146877175e+00
2.853737373737373684e+00 3.555745511855631147e+00
2.914242424242424079e+00 3.434671184603506067e+00
2.974747474747474474e+00 3.315999332019426316e+00
3.035252525252524869e+00 3.199766315502658998e+00
3.095757575757575708e+00 3.085996771612165457e+00
3.156262626262626103e+00 2.974705074098674018e+00
3.216767676767676498e+00 2.865896631967877362e+00
3.277272727272727337e+00 2.759569041731208205e+00
3.337777777777777732e+00 2.655713109999453092e+00
3.398282828282828127e+00 2.554313760789434617e+00
3.458787878787878523e+00 2.455350840318688554e+00
3.519292929292928918e+00 2.358799830657897001e+00
3.579797979797979757e+00 2.264632482244613776e+00
3.640303030303030152e+00 2.172817374447745919e+00
3.700808080808080547e+00 2.083320411851971254e+00
3.761313131313131386e+00 1.996105263572088395e+00
3.821818181818181781e+00 1.911133751786677326e+00
3.882323232323232176e+00 1.828366195132345107e+00
3.942828282828282571e+00 1.747761711889570524e+00
4.003333333333332966e+00 1.669278487414581180e+00
4.063838383838383805e+00 1.592874009738510122e+00
4.124343434343433756e+00 1.518505276834990037e+00
4.184848484848484595e+00 1.446128978671711085e+00
4.245353535353535435e+00 1.375701656814928286e+00
4.305858585858585386e+00 1.307179844060746277e+00
4.366363636363636225e+00 1.240520186286608206e+00
4.426868686868687064e+00 1.175679548483738790e+00
4.487373737373737015e+00 1.112615106715591606e+00
4.547878787878787854e+00 1.051284427558017764e+00
4.608383838383838693e+00 9.916455364082862323e-01
4.668888888888888644e+00 9.336569758998422008e-01
4.729393939393939483e+00 8.772778555265643430e-01
4.789898989898989434e+00 8.224678934608814496e-01
4.850404040404040273e+00 7.691874514442584854e-01
4.910909090909091113e+00 7.173975635345980484e-01
4.971414141414141064e+00 6.670599594102405439e-01
5.031919191919191903e+00 6.181370828557167796e-01
5.092424242424241854e+00 5.705921059871450485e-01
5.152929292929292693e+00 5.243889397158414400e-01
5.213434343434343532e+00 4.794922408946020176e-01
5.273939393939393483e+00 4.358674165445180493e-01
5.334444444444444322e+00 3.934806255165616551e-01
5.394949494949495161e+00 3.522987779057993873e-01
5.455454545454545112e+00 3.122895324963608221e-01
5.515959595959595951e+00 2.734212925000578664e-01
5.576464646464646790e+00 2.356631998007671924e-01
5.636969696969696741e+00 1.989851279144577434e-01
5.697474747474747581e+00 1.633576738406684326e-01
5.757979797979797532e+00 1.287521489656535123e-01
5.818484848484848371e+00 9.514056915762307554e-02
5.878989898989899210e+00 6.249564419082166006e-02
5.939494949494949161e+00 3.079076658584251405e-02
6.000000000000000000e+00 0.000000000000000000e+00
