1.000000000000000021e-02 -9.529803538318029066e-01
7.050505050505050109e-02 -3.598985200986558608e-01
1.310101010101010210e-01 3.631418455224555419e-01
1.915151515151515271e-01 1.078961778720718412e+00
2.520202020202020332e-01 1.737467116826401980e+00
3.125252525252525393e-01 2.316375642799925583e+00
3.730303030303030454e-01 2.807223350046226695e+00
4.335353535353535515e-01 3.209387188768144217e+00
4.940404040404040575e-01 3.526839085974701860e+00
5.545454545454545636e-01 3.766158742970492579e+00
6.150505050505050697e-01 3.935248815621342100e+00
6.755555555555555758e-01 4.042491825301813613e+00
7.360606060606060819e-01 4.096204007529693492e+00
7.965656565656565880e-01 4.104294816064315121e+00
8.570707070707070940e-01 4.074069710858656990e+00
9.175757575757576001e-01 4.012131787650139003e+00
9.780808080808081062e-01 3.924350090567449545e+00
1.038585858585858501e+00 3.815871360847289395e+00
1.099090909090909118e+00 3.691158598212439301e+00
1.159595959595959735e+00 3.554044756617077638e+00
1.220101010101010131e+00 3.407793559571383302e+00
1.280606060606060526e+00 3.255162101173488587e+00
1.341111111111111143e+00 3.098461827909124278e+00
1.401616161616161760e+00 2.939615858421220640e+00
1.462121212121212155e+00 2.780211539437264623e+00
1.522626262626262550e+00 2.621547769259565897e+00
1.583131313131313167e+00 2.464677032308313809e+00
1.643636363636363784e+00 2.310442344210270171e+00
1.704141414141414179e+00 2.159509454877825529e+00
1.764646464646464574e+00 2.012394731822727767e+00
1.825151515151515191e+00 1.869489172596712434e+00
1.885656565656565808e+00 1.731078990974816101e+00
1.946161616161616204e+00 1.597363200070468503e+00
2.006666666666666377e+00 1.468468580995327066e+00
2.067171717171716772e+00 1.344462390924533901e+00
2.127676767676767611e+00 1.225363124067220255e+00
2.188181818181818006e+00 1.111149602746632103e+00
2.248686868686868401e+00 1.001768640562135548e+00
2.309191919191919240e+00 8.971414876965994045e-01
2.369696969696969635e+00 7.971692397505483196e-01
2.430202020202020030e+00 7.017373660651576861e-01
2.490707070707070425e+00 6.107194912082003491e-01
2.551212121212120820e+00 5.239805437671106736e-01
2.611717171717171659e+00 4.413793701746452913e-01
2.672222222222222054e+00 3.627708960388125736e-01
2.732727272727272450e+00 2.880079059919274376e-01
2.793232323232323289e+00 2.169425016654393246e-01
2.853737373737373684e+00 1.494272887067245315e-01
2.914242424242424079e+00 8.531633590765960728e-02
2.974747474747474474e+00 2.446594294586123750e-02
3.035252525252524869e+00 -3.326475235512180162e-02
3.095757575757575708e+00 -8.801330109183359840e-02
3.156262626262626103e+00 -1.399135825501830188e-01
3.216767676767676498e+00 -1.890955369749786619e-01
3.277272727272727337e+00 -2.356849760051454856e-01
3.337777777777777732e+00 -2.798034576472935298e-01
3.398282828282828127e+00 -3.215682138698001125e-01
3.458787878787878523e+00 -3.610921224109411298e-01
3.519292929292928918e+00 -3.984837137062633428e-01
3.579797979797979757e+00 -4.338472068535861870e-01
3.640303030303030152e+00 -4.672825687331856881e-01
3.700808080808080547e+00 -4.988855915586130063e-01
3.761313131313131386e+00 -5.287479848715335162e-01
3.821818181818181781e+00 -5.569574786450756099e-01
3.882323232323232176e+00 -5.835979347111108773e-01
3.942828282828282571e+00 -6.087494641930513151e-01
4.003333333333332966e+00 -6.324885490199926297e-01
4.063838383838383805e+00 -6.548881659310735737e-01
4.124343434343433756e+00 -6.760179116604189131e-01
4.184848484848484595e+00 -6.959441282272191831e-01
4.245353535353535435e+00 -7.147300274722733215e-01
4.305858585858585386e+00 -7.324358141329364580e-01
4.366363636363636225e+00 -7.491188068203883388e-01
4.426868686868687064e+00 -7.648335566542669994e-01
4.487373737373737015e+00 -7.796319629701035092e-01
4.547878787878787854e+00 -7.935633860027746511e-01
4.608383838383838693e+00 -8.066747562977908403e-01
4.668888888888888644e+00 -8.190106807269097455e-01
4.729393939393939483e+00 -8.306135450241124429e-01
4.789898989898989434e+00 -8.415236127969953905e-01
4.850404040404040273e+00 -8.517791210012661818e-01
4.910909090909091113e+00 -8.614163718922401847e-01
4.971414141414141064e+00 -8.704698214886020802e-01
5.031919191919191903e+00 -8.789721646006384281e-01
5.092424242424241854e+00 -8.869544164887163129e-01
5.152929292929292693e+00 -8.944459912281268466e-01
5.213434343434343532e+00 -9.014747768643827097e-01
5.273939393939393483e+00 -9.080672074489728463e-01
5.334444444444444322e+00 -9.142483320528299595e-01
5.394949494949495161e+00 -9.200418808331026765e-01
5.455454545454545112e+00 -9.254703283071759046e-01
5.515959595959595951e+00 -9.305549538577928548e-01
5.576464646464646790e+00 -9.353158996152252103e-01
5.636969696969696741e+00 -9.397722258127176875e-01
5.697474747474747581e+00 -9.439419636934529567e-01
5.757979797979797532e+00 -9.478421660735592003e-01
5.818484848484848371e+00 -9.514889556512898805e-01
5.878989898989899210e+00 -9.548975711520196752e-01
5.939494949494949161e+00 -9.580824113962022048e-01
6.000000000000000000e+00 -9.610570773747426632e-01
