1.000000000000000021e-02 2.147757694873136600e-02
7.050505050505050109e-02 1.250926851261331763e+01
1.310101010101010210e-01 2.707631483563704222e+01
1.915151515151515271e-01 4.095864474466152672e+01
2.520202020202020332e-01 5.333262030292137723e+01
3.125252525252525393e-01 6.393633432889195944e+01
3.730303030303030454e-01 7.274761106439717651e+01
4.335353535353535515e-01 7.985722073881589722e+01
4.940404040404040575e-01 8.540843075002965179e+01
5.545454545454545636e-01 8.956536821466218612e+01
6.150505050505050697e-01 9.249574731935901184e+01
6.755555555555555758e-01 9.436139499388742991e+01
7.360606060606060819e-01 9.531324097260331030e+01
7.965656565656565880e-01 9.548894289651916267e+01
8.570707070707070940e-01 9.501208554583656962e+01
9.175757575757576001e-01 9.399231453159238470e+01
9.780808080808081062e-01 9.252600867918768301e+01
1.038585858585858501e+00 9.069724264774706057e+01
1.099090909090909118e+00 8.857888318783803072e+01
1.159595959595959735e+00 8.623372104098896784e+01
1.220101010101010131e+00 8.371557846410667025e+01
1.280606060606060526e+00 8.107035715113767083e+01
1.341111111111111143e+00 7.833700753962210683e+01
1.401616161616161760e+00 7.554841101959627281e+01
1.462121212121212155e+00 7.273217328298515838e+01
1.522626262626262550e+00 6.991133127810448400e+01
1.583131313131313167e+00 6.710497862177088280e+01
1.643636363636363784e+00 6.432881575984038136e+01
1.704141414141414179e+00 6.159563166043749050e+01
1.764646464646464574e+00 5.891572395897141945e+01
1.825151515151515191e+00 5.629726424957241449e+01
1.885656565656565808e+00 5.374661482639474741e+01
1.946161616161616204e+00 5.126860268971703505e+01
2.006666666666666377e+00 4.886675609391022590e+01
2.067171717171716772e+00 4.654350840429020764e+01
2.127676767676767611e+00 4.430037346099913265e+01
2.188181818181818006e+00 4.213809622503381291e+01
2.248686868686868401e+00 4.005678198207559149e+01
2.309191919191919240e+00 3.805600699803294162e+01
2.369696969696969635e+00 3.613491314723783887e+01
2.430202020202020030e+00 3.429228870950814212e+01
2.490707070707070425e+00 3.252663724428895620e+01
2.551212121212120820e+00 3.083623619668717097e+01
2.611717171717171659e+00 2.921918666847398782e+01
2.672222222222222054e+00 2.767345559135589284e+01
2.732727272727272450e+00 2.619691137800975866e+01
2.793232323232323289e+00 2.478735396595921969e+01
2.853737373737373684e+00 2.344254005961161980e+01
2.914242424242424079e+00 2.216020425191220866e+01
2.974747474747474474e+00 2.093807661885631077e+01
3.035252525252524869e+00 1.977389729595721590e+01
3.095757575757575708e+00 1.866542847506923763e+01
3.156262626262626103e+00 1.761046419878716307e+01
3.216767676767676498e+00 1.660683827687454439e+01
3.277272727272727337e+00 1.565243060370715256e+01
3.337777777777777732e+00 1.474517211653870419e+01
3.398282828282828127e+00 1.388304860116559070e+01
3.458787878787878523e+00 1.306410351891034693e+01
3.519292929292928918e+00 1.228644001363061911e+01
3.579797979797979757e+00 1.154822222359687167e+01
3.640303030303030152e+00 1.084767600705221291e+01
3.700808080808080547e+00 1.018308918768726734e+01
3.761313131313131386e+00 9.552811392948949987e+00
3.821818181818181781e+00 8.955253559190722967e+00
3.882323232323232176e+00 8.388887163107421330e+00
3.942828282828282571e+00 7.852243230731721368e+00
4.003333333333332966e+00 7.343911167723295108e+00
4.063838383838383805e+00 6.862537448180110466e+00
4.124343434343433756e+00 6.406824193617302932e+00
4.184848484848484595e+00 5.975527668949441207e+00
4.245353535353535435e+00 5.567456718185718856e+00
4.305858585858585386e+00 5.181471158994834347e+00
4.366363636363636225e+00 4.816480152292637484e+00
4.426868686868687064e+00 4.471440560195516056e+00
4.487373737373737015e+00 4.145355303676183212e+00
4.547878787878787854e+00 3.837271729271319209e+00
4.608383838383838693e+00 3.546279993646563433e+00
4.668888888888888644e+00 3.271511468528686351e+00
4.729393939393939483e+00 3.012137176345050626e+00
4.789898989898989434e+00 2.767366256756901066e+00
4.850404040404040273e+00 2.536444468740405078e+00
4.910909090909091113e+00 2.318652730418990338e+00
4.971414141414141064e+00 2.113305698460840709e+00
5.031919191919191903e+00 1.919750388320904166e+00
5.092424242424241854e+00 1.737364836163395987e+00
5.152929292929292693e+00 1.565556802925212265e+00
5.213434343434343532e+00 1.403762520668419445e+00
5.273939393939393483e+00 1.251445481110633917e+00
5.334444444444444322e+00 1.108095266006279056e+00
5.394949494949495161e+00 9.732264188787002057e-01
5.455454545454545112e+00 8.463773573512894943e-01
5.515959595959595951e+00 7.271093259809227050e-01
5.576464646464646790e+00 6.150053870384580845e-01
5.636969696969696741e+00 5.096694506617996945e-01
5.697474747474747581e+00 4.107253416078152086e-01
5.757979797979797532e+00 3.178159023300862196e-01
5.818484848484848371e+00 2.306021311988525613e-01
5.878989898989899210e+00 1.487623549556275071e-01
5.939494949494949161e+00 7.199143402398780478e-02
6.000000000000000000e+00 0.000000000000000000e+00
