1.000000000000000021e-02 -9.584443499032551106e-01
7.050505050505050109e-02 -4.315479866434312473e-01
1.310101010101010210e-01 2.108437157830580500e-01
1.915151515151515271e-01 8.500875752610271840e-01
2.520202020202020332e-01 1.446659661503923999e+00
3.125252525252525393e-01 1.984678391394476105e+00
3.730303030303030454e-01 2.458835054808603982e+00
4.335353535353535515e-01 2.869172872965778609e+00
4.940404040404040575e-01 3.218542351526202161e+00
5.545454545454545636e-01 3.511226105400148345e+00
6.150505050505050697e-01 3.752152521031780985e+00
6.755555555555555758e-01 3.946433880856670129e+00
7.360606060606060819e-01 4.099094276520878211e+00
7.965656565656565880e-01 4.214913004008129072e+00
8.570707070707070940e-01 4.298339912509328897e+00
9.175757575757576001e-01 4.353456127542155940e+00
9.780808080808081062e-01 4.383963342101004024e+00
1.038585858585858501e+00 4.393190842373329907e+00
1.099090909090909118e+00 4.384113174019551806e+00
1.159595959595959735e+00 4.359373776406647139e+00
1.220101010101010131e+00 4.321311509784369065e+00
1.280606060606060526e+00 4.271988070348847977e+00
1.341111111111111143e+00 4.213215011407107191e+00
1.401616161616161760e+00 4.146579579853220565e+00
1.462121212121212155e+00 4.073468910255279241e+00
1.522626262626262550e+00 3.995092343434851312e+00
1.583131313131313167e+00 3.912501785984153546e+00
1.643636363636363784e+00 3.826610124674936664e+00
1.704141414141414179e+00 3.738207771146534242e+00
1.764646464646464574e+00 3.647977448784946120e+00
1.825151515151515191e+00 3.556507353166201035e+00
1.885656565656565808e+00 3.464302825407119091e+00
1.946161616161616204e+00 3.371796678088104571e+00
2.006666666666666377e+00 3.279358308878199679e+00
2.067171717171716772e+00 3.187301729504238512e+00
2.127676767676767611e+00 3.095892628513194467e+00
2.188181818181818006e+00 3.005354576445206316e+00
2.248686868686868401e+00 2.915874471960988146e+00
2.309191919191919240e+00 2.827607317711788859e+00
2.369696969696969635e+00 2.740680405457142754e+00
2.430202020202020030e+00 2.655196981288181046e+00
2.490707070707070425e+00 2.571239453871950520e+00
2.551212121212120820e+00 2.488872201403348416e+00
2.611717171717171659e+00 2.408144026443387542e+00
2.672222222222222054e+00 2.329090301975284216e+00
2.732727272727272450e+00 2.251734846808172819e+00
2.793232323232323289e+00 2.176091563833155273e+00
2.853737373737373684e+00 2.102165870543470927e+00
2.914242424242424079e+00 2.029955947613839129e+00
2.974747474747474474e+00 1.959453828186993096e+00
3.035252525252524869e+00 1.890646347589535869e+00
3.095757575757575708e+00 1.823515970995719160e+00
3.156262626262626103e+00 1.758041514083053647e+00
3.216767676767676498e+00 1.694198770088319428e+00
3.277272727272727337e+00 1.631961054889244256e+00
3.337777777777777732e+00 1.571299680324489190e+00
3.398282828282828127e+00 1.512184364690634997e+00
3.458787878787878523e+00 1.454583588245362380e+00
3.519292929292928918e+00 1.398464900574012182e+00
3.579797979797979757e+00 1.343795185827244776e+00
3.640303030303030152e+00 1.290540891093850506e+00
3.700808080808080547e+00 1.238668222521743134e+00
3.761313131313131386e+00 1.188143313231219134e+00
3.821818181818181781e+00 1.138932366565432952e+00
3.882323232323232176e+00 1.091001777787095950e+00
3.942828282828282571e+00 1.044318236947621381e+00
4.003333333333332966e+00 9.988488153205118403e-01
4.063838383838383805e+00 9.545610374969573098e-01
4.124343434343433756e+00 9.114229409844883945e-01
4.184848484848484595e+00 8.694031249239738690e-01
4.245353535353535435e+00 8.284707893423293168e-01
4.305858585858585386e+00 7.885957661847208255e-01
4.366363636363636225e+00 7.497485432176219655e-01
4.426868686868687064e+00 7.119002817628664603e-01
4.487373737373737015e+00 6.750228290854382029e-01
4.547878787878787854e+00 6.390887262237652244e-01
4.608383838383838693e+00 6.040712118223324767e-01
4.668888888888888644e+00 5.699442226193937033e-01
4.729393939393939483e+00 5.366823910343837545e-01
4.789898989898989434e+00 5.042610403069699432e-01
4.850404040404040273e+00 4.726561775659732234e-01
4.910909090909091113e+00 4.418444851607402635e-01
4.971414141414141064e+00 4.118033105461665899e-01
5.031919191919191903e+00 3.825106549751699503e-01
5.092424242424241854e+00 3.539451612202363928e-01
5.152929292929292693e+00 3.260861005170343496e-01
5.213434343434343532e+00 2.989133588978249989e-01
5.273939393939393483e+00 2.724074230605519342e-01
5.334444444444444322e+00 2.465493658997093274e-01
5.394949494949495161e+00 2.213208318083202397e-01
5.455454545454545112e+00 1.967040218450662459e-01
5.515959595959595951e+00 1.726816788475097897e-01
5.576464646464646790e+00 1.492370725607738702e-01
5.636969696969696741e+00 1.263539848406961541e-01
5.697474747474747581e+00 1.040166949817515341e-01
5.757979797979797532e+00 8.220996521197859730e-02
5.818484848484848371e+00 6.091902639044173562e-02
5.878989898989899210e+00 4.012956393654928955e-02
5.939494949494949161e+00 1.982770401561138873e-02
6.000000000000000000e+00 0.000000000000000000e+00
