1.000000000000000021e-02 7.923459109851707094e-01
7.050505050505050109e-02 2.263989310624993223e+01
1.310101010101010210e-01 4.782133870013380061e+01
1.915151515151515271e-01 7.156584153907029133e+01
2.520202020202020332e-01 9.261690392848399256e+01
3.125252525252525393e-01 1.106791444660444057e+02
3.730303030303030454e-01 1.258242429054978544e+02
4.335353535353535515e-01 1.382702599669527217e+02
4.940404040404040575e-01 1.482862966500873938e+02
5.545454545454545636e-01 1.561485781388311125e+02
6.150505050505050697e-01 1.621205602953387768e+02
6.755555555555555758e-01 1.664442835248910058e+02
7.360606060606060819e-01 1.693377832659255660e+02
7.965656565656565880e-01 1.709950491322698554e+02
8.570707070707070940e-01 1.715874801260330571e+02
9.175757575757576001e-01 1.712658783612322395e+02
9.780808080808081062e-01 1.701626022703069339e+02
1.038585858585858501e+00 1.683936714725070374e+02
1.099090909090909118e+00 1.660607241529081080e+02
1.159595959595959735e+00 1.632527866918676693e+02
1.220101010101010131e+00 1.600478467192809262e+02
1.280606060606060526e+00 1.565142369211672246e+02
1.341111111111111143e+00 1.527118445654243715e+02
1.401616161616161760e+00 1.486931646518037269e+02
1.462121212121212155e+00 1.445042149932786231e+02
1.522626262626262550e+00 1.401853306343810459e+02
1.583131313131313167e+00 1.357718535046053887e+02
1.643636363636363784e+00 1.312947314812013246e+02
1.704141414141414179e+00 1.267810393065156518e+02
1.764646464646464574e+00 1.222544321784517933e+02
1.825151515151515191e+00 1.177355413575230330e+02
1.885656565656565808e+00 1.132423198260326132e+02
1.946161616161616204e+00 1.087903448927188208e+02
2.006666666666666377e+00 1.043930836426410025e+02
2.067171717171716772e+00 1.000621262976318917e+02
2.127676767676767611e+00 9.580739179265374617e+01
2.188181818181818006e+00 9.163730929141920001e+01
2.248686868686868401e+00 8.755897880259180965e+01
2.309191919191919240e+00 8.357831362218853144e+01
2.369696969696969635e+00 7.970016693840037192e+01
2.430202020202020030e+00 7.592844460783496174e+01
2.490707070707070425e+00 7.226620583257869157e+01
2.551212121212120820e+00 6.871575322896153182e+01
2.611717171717171659e+00 6.527871357508898598e+01
2.672222222222222054e+00 6.195611035003340561e+01
2.732727272727272450e+00 5.874842902808211420e+01
2.793232323232323289e+00 5.565567596381538351e+01
2.853737373737373684e+00 5.267743159363177341e+01
2.914242424242424079e+00 4.981289858504086965e+01
2.974747474747474474e+00 4.706094548367975250e+01
3.035252525252524869e+00 4.442014633795001544e+01
3.095757575757575708e+00 4.188881672066865036e+01
3.156262626262626103e+00 3.946504651489622972e+01
3.216767676767676498e+00 3.714672978621047861e+01
3.277272727272727337e+00 3.493159202243622730e+01
3.337777777777777732e+00 3.281721499312163814e+01
3.398282828282828127e+00 3.080105944731595713e+01
3.458787878787878523e+00 2.888048583735849206e+01
3.519292929292928918e+00 2.705277325127265797e+01
3.579797979797979757e+00 2.531513669783916143e+01
3.640303030303030152e+00 2.366474288322920927e+01
3.700808080808080547e+00 2.209872459976663706e+01
3.761313131313131386e+00 2.061419383515093173e+01
3.821818181818181781e+00 1.920825369942147276e+01
3.882323232323232176e+00 1.787800925728655344e+01
3.942828282828282571e+00 1.662057734472158543e+01
4.003333333333332966e+00 1.543309544370705666e+01
4.063838383838383805e+00 1.431272967522382977e+01
4.124343434343433756e+00 1.325668197803127768e+01
4.184848484848484595e+00 1.226219652217458922e+01
4.245353535353535435e+00 1.132656541015612106e+01
4.305858585858585386e+00 1.044713371419989123e+01
4.366363636363636225e+00 9.621303888653393699e+00
4.426868686868687064e+00 8.846539604362442688e+00
4.487373737373737015e+00 8.120369038881390722e+00
4.547878787878787854e+00 7.440387660145260540e+00
4.608383838383838693e+00 6.804260537289044564e+00
4.668888888888888644e+00 6.209724210743191364e+00
4.729393939393939483e+00 5.654588151985248778e+00
4.789898989898989434e+00 5.136735842744541536e+00
4.850404040404040273e+00 4.654125499472214322e+00
4.910909090909091113e+00 4.204790471867311474e+00
4.971414141414141064e+00 3.786839339074764776e+00
5.031919191919191903e+00 3.398455728346960747e+00
5.092424242424241854e+00 3.037897879228360409e+00
5.152929292929292693e+00 2.703497975438621914e+00
5.213434343434343532e+00 2.393661265681556571e+00
5.273939393939393483e+00 2.106864993695216182e+00
5.334444444444444322e+00 1.841657156965043951e+00
5.394949494949495161e+00 1.596655112653115216e+00
5.455454545454545112e+00 1.370544048435801354e+00
5.515959595959595951e+00 1.162075335096835360e+00
5.576464646464646790e+00 9.700647768866449416e-01
5.636969696969696741e+00 7.933907748291441075e-01
5.697474747474747581e+00 6.309924173358919530e-01
5.757979797979797532e+00 4.818675116756033217e-01
5.818484848484848371e+00 3.450705690393009450e-01
5.878989898989899210e+00 2.197107551461952302e-01
5.939494949494949161e+00 1.049498175461302252e-01
6.000000000000000000e+00 0.000000000000000000e+00
