1.000000000000000021e-02 4.436856546334617946e+01
7.050505050505050109e-02 6.120245116244914243e+02
1.310101010101010210e-01 1.297573732262353360e+03
1.915151515151515271e-01 1.967539111078442829e+03
2.520202020202020332e-01 2.572399185868493532e+03
3.125252525252525393e-01 3.090308595380209226e+03
3.730303030303030454e-01 3.513690445694194295e+03
4.335353535353535515e-01 3.843279999658988345e+03
4.940404040404040575e-01 4.084721382643809193e+03
5.545454545454545636e-01 4.246389493198838863e+03
6.150505050505050697e-01 4.337940515142740878e+03
6.755555555555555758e-01 4.369350697525110263e+03
7.360606060606060819e-01 4.350299472234031782e+03
7.965656565656565880e-01 4.289797817982747802e+03
8.570707070707070940e-01 4.195989027216882278e+03
9.175757575757576001e-01 4.076067412588413845e+03
9.780808080808081062e-01 3.936274570090405177e+03
1.038585858585858501e+00 3.781943858614260535e+03
1.099090909090909118e+00 3.617572336419777457e+03
1.159595959595959735e+00 3.446905918176240903e+03
1.220101010101010131e+00 3.273028348576996905e+03
1.280606060606060526e+00 3.098448073509456208e+03
1.341111111111111143e+00 2.925179534942506507e+03
1.401616161616161760e+00 2.754817081961894473e+03
1.462121212121212155e+00 2.588600788771222597e+03
1.522626262626262550e+00 2.427474165163124781e+03
1.583131313131313167e+00 2.272134159631261355e+03
1.643636363636363784e+00 2.123074080644323203e+03
1.704141414141414179e+00 1.980620162603827339e+03
1.764646464646464574e+00 1.844962525198206549e+03
1.825151515151515191e+00 1.716181249503347317e+03
1.885656565656565808e+00 1.594268242249047034e+03
1.946161616161616204e+00 1.479145494911595506e+03
2.006666666666666377e+00 1.370680275421877923e+03
2.067171717171716772e+00 1.268697722599823010e+03
2.127676767676767611e+00 1.172991249958220806e+03
2.188181818181818006e+00 1.083331107833024362e+03
2.248686868686868401e+00 9.994714010825163086e+02
2.309191919191919240e+00 9.211558156304598697e+02
2.369696969696969635e+00 8.481222658525853149e+02
2.430202020202020030e+00 7.801066439854917007e+02
2.490707070707070425e+00 7.168458218667077517e+02
2.551212121212120820e+00 6.580800320739799645e+02
2.611717171717171659e+00 6.035547346255749517e+02
2.672222222222222054e+00 5.530220580820451914e+02
2.732727272727272450e+00 5.062418892885809782e+02
2.793232323232323289e+00 4.629826737413060869e+02
2.853737373737373684e+00 4.230219783033298313e+02
2.914242424242424079e+00 3.861468592849463448e+02
2.974747474747474474e+00 3.521540721075709257e+02
3.035252525252524869e+00 3.208501519694633544e+02
3.095757575757575708e+00 2.920513909012386193e+02
3.156262626262626103e+00 2.655837316158778094e+02
3.216767676767676498e+00 2.412825954552208145e+02
3.277272727272727337e+00 2.189926587014671213e+02
3.337777777777777732e+00 1.985675890994115775e+02
3.398282828282828127e+00 1.798697524015789782e+02
3.458787878787878523e+00 1.627698970512060441e+02
3.519292929292928918e+00 1.471468236937479901e+02
3.579797979797979757e+00 1.328870450832388599e+02
3.640303030303030152e+00 1.198844407799616789e+02
3.700808080808080547e+00 1.080399105312564529e+02
3.761313131313131386e+00 9.726102921103509402e+01
3.821818181818181781e+00 8.746170581302725111e+01
3.882323232323232176e+00 7.856184845322628973e+01
3.942828282828282571e+00 7.048703694809090337e+01
4.003333333333332966e+00 6.316820418974413087e+01
4.063838383838383805e+00 5.654132726578959733e+01
4.124343434343433756e+00 5.054712903583332917e+01
4.184848484848484595e+00 4.513079068122593895e+01
4.245353535353535435e+00 4.024167558096911534e+01
4.305858585858585386e+00 3.583306472945315591e+01
4.366363636363636225e+00 3.186190380408802625e+01
4.426868686868687064e+00 2.828856187743389228e+01
4.487373737373737015e+00 2.507660171988778686e+01
4.547878787878787854e+00 2.219256154448948237e+01
4.608383838383838693e+00 1.960574800807460250e+01
4.668888888888888644e+00 1.728804023364387632e+01
4.729393939393939483e+00 1.521370458253897695e+01
4.789898989898989434e+00 1.335921987919222254e+01
4.850404040404040273e+00 1.170311276193280037e+01
4.910909090909091113e+00 1.022580282250274841e+01
4.971414141414141064e+00 8.909457178588885640e+00
5.031919191919191903e+00 7.737854115793618703e+00
5.092424242424241854e+00 6.696255428804003706e+00
5.152929292929292693e+00 5.771287087858852694e+00
5.213434343434343532e+00 4.950827856129102145e+00
5.273939393939393483e+00 4.223905483702016461e+00
5.334444444444444322e+00 3.580600108130871373e+00
5.394949494949495161e+00 3.011954495332689330e+00
5.455454545454545112e+00 2.509890761036276174e+00
5.515959595959595951e+00 2.067133220253332571e+00
5.576464646464646790e+00 1.677137020621177088e+00
5.636969696969696741e+00 1.334022224742539287e+00
5.697474747474747581e+00 1.032513546184046671e+00
5.757979797979797532e+00 7.678817183538825253e-01
5.818484848484848371e+00 5.358973129484493336e-01
5.878989898989899210e+00 3.327781835691690504e-01
5.939494949494949161e+00 1.551487877453382458e-01
6.000000000000000000e+00 0.000000000000000000e+00
