1.000000000000000021e-02 3.252768123431649949e-02
7.050505050505050109e-02 1.323344083557468132e+01
1.310101010101010210e-01 2.952097668081943027e+01
1.915151515151515271e-01 4.583729977589749183e+01
2.520202020202020332e-01 6.108046621503230256e+01
3.125252525252525393e-01 7.476290215897010683e+01
3.730303030303030454e-01 8.668938898001803750e+01
4.335353535353535515e-01 9.682326818468108343e+01
4.940404040404040575e-01 1.052178542226055811e+02
5.545454545454545636e-01 1.119772013154366732e+02
6.150505050505050697e-01 1.172322574221915659e+02
6.755555555555555758e-01 1.211259091604541140e+02
7.360606060606060819e-01 1.238035050750066688e+02
7.965656565656565880e-01 1.254068996707572694e+02
8.570707070707070940e-01 1.260708202631923740e+02
9.175757575757576001e-01 1.259207880639408614e+02
9.780808080808081062e-01 1.250720834031223916e+02
1.038585858585858501e+00 1.236294085682686443e+02
1.099090909090909118e+00 1.216870093438395486e+02
1.159595959595959735e+00 1.193290892211678056e+02
1.220101010101010131e+00 1.166304006810537146e+02
1.280606060606060526e+00 1.136569333649792668e+02
1.341111111111111143e+00 1.104666440508559901e+02
1.401616161616161760e+00 1.071101912240647920e+02
1.462121212121212155e+00 1.036316497748127148e+02
1.522626262626262550e+00 1.000691904079804146e+02
1.583131313131313167e+00 9.645571474616100716e+01
1.643636363636363784e+00 9.281944157437708043e+01
1.704141414141414179e+00 8.918444274739783850e+01
1.764646464646464574e+00 8.557112934458970699e+01
1.825151515151515191e+00 8.199668999604776332e+01
1.885656565656565808e+00 7.847548412518374050e+01
1.946161616161616204e+00 7.501939330399278560e+01
2.006666666666666377e+00 7.163813413157562593e+01
2.067171717171716772e+00 6.833953604456739583e+01
2.127676767676767611e+00 6.512978741451887288e+01
2.188181818181818006e+00 6.201365309694116235e+01
2.248686868686868401e+00 5.899466640576937948e+01
2.309191919191919240e+00 5.607529825585783101e+01
2.369696969696969635e+00 5.325710598220812386e+01
2.430202020202020030e+00 5.054086411263646283e+01
2.490707070707070425e+00 4.792667914742654034e+01
2.551212121212120820e+00 4.541409018969274314e+01
2.611717171717171659e+00 4.300215707302051982e+01
2.672222222222222054e+00 4.068953745716034831e+01
2.732727272727272450e+00 3.847455419469595483e+01
2.793232323232323289e+00 3.635525412756136632e+01
2.853737373737373684e+00 3.432945933767894786e+01
2.914242424242424079e+00 3.239481175769583388e+01
2.974747474747474474e+00 3.054881194170373249e+01
3.035252525252524869e+00 2.878885270160343168e+01
3.095757575757575708e+00 2.711224823114806881e+01
3.156262626262626103e+00 2.551625926570073588e+01
3.216767676767676498e+00 2.399811476045362113e+01
3.277272727272727337e+00 2.255503051045587171e+01
3.337777777777777732e+00 2.118422509242660112e+01
3.398282828282828127e+00 1.988293344420705822e+01
3.458787878787878523e+00 1.864841838959207365e+01
3.519292929292928918e+00 1.747798034611469475e+01
3.579797979797979757e+00 1.636896545208130860e+01
3.640303030303030152e+00 1.531877230393006606e+01
3.700808080808080547e+00 1.432485747973430179e+01
3.761313131313131386e+00 1.338474000140202413e+01
3.821818181818181781e+00 1.249600487018074446e+01
3.882323232323232176e+00 1.165630579400229294e+01
3.942828282828282571e+00 1.086336721105646497e+01
4.003333333333332966e+00 1.011498570155151455e+01
4.063838383838383805e+00 9.409030868667487724e+00
4.124343434343433756e+00 8.743445759972335196e+00
4.184848484848484595e+00 8.116246892936423762e+00
4.245353535353535435e+00 7.525523937920501893e+00
4.305858585858585386e+00 6.969439110497516410e+00
4.366363636363636225e+00 6.446226313700375243e+00
4.426868686868687064e+00 5.954190069017395892e+00
4.487373737373737015e+00 5.491704270374807351e+00
4.547878787878787854e+00 5.057210788064642415e+00
4.608383838383838693e+00 4.649217951787361969e+00
4.668888888888888644e+00 4.266298933258521053e+00
4.729393939393939483e+00 3.907090049360151252e+00
4.789898989898989434e+00 3.570289003329174538e+00
4.850404040404040273e+00 3.254653079474331356e+00
4.910909090909091113e+00 2.958997305002257328e+00
4.971414141414141064e+00 2.682192590797604748e+00
5.031919191919191903e+00 2.423163861880776704e+00
5.092424242424241854e+00 2.180888185850591299e+00
5.152929292929292693e+00 1.954392908167323917e+00
5.213434343434343532e+00 1.742753800469555747e+00
5.273939393939393483e+00 1.545093228085053561e+00
5.334444444444444322e+00 1.360578341799230317e+00
5.394949494949495161e+00 1.188419298246778943e+00
5.455454545454545112e+00 1.027867512636417402e+00
5.515959595959595951e+00 8.782139469411954780e-01
5.576464646464646790e+00 7.387874361689900082e-01
5.636969696969696741e+00 6.089530548653161457e-01
5.697474747474747581e+00 4.881105255971813772e-01
5.757979797979797532e+00 3.756926707965325130e-01
5.818484848484848371e+00 2.711639090222786597e-01
5.878989898989899210e+00 1.740187964099449425e-01
5.939494949494949161e+00 8.378061382418104663e-02
6.000000000000000000e+00 0.000000000000000000e+00
