1.000000000000000021e-02 -8.692378948406609407e-01
7.102040816326531114e-02 7.662312956970303013e-01
1.320408163265306134e-01 2.711835227657063641e+00
1.930612244897959295e-01 4.588260364784791712e+00
2.540816326530612179e-01 6.264055478617700068e+00
3.151020408163265341e-01 7.686421637432260034e+00
3.761224489795918502e-01 8.841008861532532848e+00
4.371428571428571663e-01 9.734647734649255924e+00
4.981632653061224825e-01 1.038597823215969029e+01
5.591836734693877986e-01 1.081976638867154605e+01
6.202040816326530592e-01 1.106329904151525056e+01
6.812244897959184309e-01 1.114408835362283590e+01
7.422448979591836915e-01 1.108845107809718655e+01
8.032653061224490632e-01 1.092068484766726932e+01
8.642857142857143238e-01 1.066265120915380216e+01
9.253061224489796954e-01 1.033363067881136388e+01
9.863265306122449561e-01 9.950353650743988254e+00
1.047346938775510328e+00 9.527138984808585676e+00
1.108367346938775588e+00 9.076092737722639470e+00
1.169387755102040849e+00 8.607334681715148150e+00
1.230408163265306110e+00 8.129231293407501724e+00
1.291428571428571592e+00 7.648621788373107577e+00
1.352448979591836853e+00 7.171029306488329702e+00
1.413469387755102114e+00 6.700853135159881013e+00
1.474489795918367374e+00 6.241540369600409477e+00
1.535510204081632635e+00 5.795737015861511132e+00
1.596530612244898117e+00 5.365419515876296508e+00
1.657551020408163378e+00 4.952008214461453228e+00
1.718571428571428639e+00 4.556464540421711007e+00
1.779591836734693899e+00 4.179373739870977822e+00
1.840612244897959382e+00 3.821014950817921640e+00
1.901632653061224643e+00 3.481420292547818374e+00
1.962653061224489903e+00 3.160424493801638590e+00
2.023673469387754942e+00 2.857706421277293352e+00
2.084693877551020424e+00 2.572823707745988564e+00
2.145714285714285463e+00 2.305241524913255624e+00
2.206734693877550946e+00 2.054356404403817393e+00
2.267755102040816428e+00 1.819515881782444389e+00
2.328775510204081467e+00 1.600034628385078594e+00
2.389795918367346950e+00 1.395207631117671765e+00
2.450816326530611988e+00 1.204320901890349571e+00
2.511836734693877471e+00 1.026660118859827886e+00
2.572857142857142954e+00 8.615175414331552872e-01
2.633877551020407992e+00 7.081974864040136985e-01
2.694897959183673475e+00 5.660206070577896709e-01
2.755918367346938513e+00 4.343271784456322893e-01
2.816938775510203996e+00 3.124795593914774239e-01
2.877959183673469479e+00 1.998639743151507941e-01
2.938979591836734517e+00 9.589173451152019356e-02
3.000000000000000000e+00 0.000000000000000000e+00
