1.000000000000000021e-02 -9.592550504999429739e-01
7.050505050505050109e-02 -4.371450327376428246e-01
1.310101010101010210e-01 2.091036220650258903e-01
1.915151515151515271e-01 8.608727929245552080e-01
2.520202020202020332e-01 1.476167085041337756e+00
3.125252525252525393e-01 2.036486389136952457e+00
3.730303030303030454e-01 2.534310828655605086e+00
4.335353535353535515e-01 2.968002543987250164e+00
4.940404040404040575e-01 3.339234026065273753e+00
5.545454545454545636e-01 3.651534264777040573e+00
6.150505050505050697e-01 3.909412402869856251e+00
6.755555555555555758e-01 4.117811623703758528e+00
7.360606060606060819e-01 4.281765169778107172e+00
7.965656565656565880e-01 4.406181728720064861e+00
8.570707070707070940e-01 4.495715902793032903e+00
9.175757575757576001e-01 4.554695406506225730e+00
9.780808080808081062e-01 4.587086173347499241e+00
1.038585858585858501e+00 4.596482582420748031e+00
1.099090909090909118e+00 4.586113992160661290e+00
1.159595959595959735e+00 4.558861472792446357e+00
1.220101010101010131e+00 4.517280507054187488e+00
1.280606060606060526e+00 4.463626754144704556e+00
1.341111111111111143e+00 4.399882903483764984e+00
1.401616161616161760e+00 4.327785317862845815e+00
1.462121212121212155e+00 4.248849631186651266e+00
1.522626262626262550e+00 4.164394800617771786e+00
1.583131313131313167e+00 4.075565342923657575e+00
1.643636363636363784e+00 3.983351642996892483e+00
1.704141414141414179e+00 3.888608328303282846e+00
1.764646464646464574e+00 3.792070771422041631e+00
1.825151515151515191e+00 3.694369824827092863e+00
1.885656565656565808e+00 3.596044915490747229e+00
1.946161616161616204e+00 3.497555637607199230e+00
2.006666666666666377e+00 3.399291983849240584e+00
2.067171717171716772e+00 3.301583352086125966e+00
2.127676767676767611e+00 3.204706457516663498e+00
2.188181818181818006e+00 3.108892271218584913e+00
2.248686868686868401e+00 3.014332096154262786e+00
2.309191919191919240e+00 2.921182881466172443e+00
2.369696969696969635e+00 2.829571865848053314e+00
2.430202020202020030e+00 2.739600631201062786e+00
2.490707070707070425e+00 2.651348638832244475e+00
2.551212121212120820e+00 2.564876312231923361e+00
2.611717171717171659e+00 2.480227722973190385e+00
2.672222222222222054e+00 2.397432929538477087e+00
2.732727272727272450e+00 2.316510012840935495e+00
2.793232323232323289e+00 2.237466846836532408e+00
2.853737373737373684e+00 2.160302637858021679e+00
2.914242424242424079e+00 2.085009262132345498e+00
2.974747474747474474e+00 2.011572427152102271e+00
3.035252525252524869e+00 1.939972679442013348e+00
3.095757575757575708e+00 1.870186278368101140e+00
3.156262626262626103e+00 1.802185953050218004e+00
3.216767676767676498e+00 1.735941557409319547e+00
3.277272727272727337e+00 1.671420636371429902e+00
3.337777777777777732e+00 1.608588914621534194e+00
3.398282828282828127e+00 1.547410717844375450e+00
3.458787878787878523e+00 1.487849335122213068e+00
3.519292929292928918e+00 1.429867330055286656e+00
3.579797979797979757e+00 1.373426807208112166e+00
3.640303030303030152e+00 1.318489639644297329e+00
3.700808080808080547e+00 1.265017662581172653e+00
3.761313131313131386e+00 1.212972837556524297e+00
3.821818181818181781e+00 1.162317390942888329e+00
3.882323232323232176e+00 1.113013930159273190e+00
3.942828282828282571e+00 1.065025540505987411e+00
4.003333333333332966e+00 1.018315865178390123e+00
4.063838383838383805e+00 9.728491706924776716e-01
4.124343434343433756e+00 9.285903996728512855e-01
4.184848484848484595e+00 8.855052127074755086e-01
4.245353535353535435e+00 8.435600207582547583e-01
4.305858585858585386e+00 8.027220094321251276e-01
4.366363636363636225e+00 7.629591562206338162e-01
4.426868686868687064e+00 7.242402417854472141e-01
4.487373737373737015e+00 6.865348560141383283e-01
4.547878787878787854e+00 6.498133997446122745e-01
4.608383838383838693e+00 6.140470827326729442e-01
4.668888888888888644e+00 5.792079184665021030e-01
4.729393939393939483e+00 5.452687163255157676e-01
4.789898989898989434e+00 5.122030715202706697e-01
4.850404040404040273e+00 4.799853531933508388e-01
4.910909090909091113e+00 4.485906910117538060e-01
4.971414141414141064e+00 4.179949605374421173e-01
5.031919191919191903e+00 3.881747676248458179e-01
5.092424242424241854e+00 3.591074320605700532e-01
5.152929292929292693e+00 3.307709706315349885e-01
5.213434343434343532e+00 3.031440797817664401e-01
5.273939393939393483e+00 2.762061179961687318e-01
5.334444444444444322e+00 2.499370880294035091e-01
5.394949494949495161e+00 2.243176190813215287e-01
5.455454545454545112e+00 1.993289490050924317e-01
5.515959595959595951e+00 1.749529066210289419e-01
5.576464646464646790e+00 1.511718941979228459e-01
5.636969696969696741e+00 1.279688701532890882e-01
5.697474747474747581e+00 1.053273320154982096e-01
5.757979797979797532e+00 8.323129968309071758e-02
5.818484848484848371e+00 6.166529900982509194e-02
5.878989898989899210e+00 4.061434573847604729e-02
5.939494949494949161e+00 2.006392980117412128e-02
6.000000000000000000e+00 0.000000000000000000e+00
