1.000000000000000021e-02 -9.121663526006147382e-01
7.050505050505050109e-02 1.071108456677584697e-01
1.310101010101010210e-01 1.189736724992107142e+00
1.915151515151515271e-01 2.123210024111069849e+00
2.520202020202020332e-01 2.873503109335735051e+00
3.125252525252525393e-01 3.449892737638438067e+00
3.730303030303030454e-01 3.874317866781018083e+00
4.335353535353535515e-01 4.170993604237614782e+00
4.940404040404040575e-01 4.362614602961994770e+00
5.545454545454545636e-01 4.469095395386058378e+00
6.150505050505050697e-01 4.507346950409390374e+00
6.755555555555555758e-01 4.491469359897404701e+00
7.360606060606060819e-01 4.433090769796683261e+00
7.965656565656565880e-01 4.341733979705123758e+00
8.570707070707070940e-01 4.225160657265028874e+00
9.175757575757576001e-01 4.089674767511770170e+00
9.780808080808081062e-01 3.940381326602958367e+00
1.038585858585858501e+00 3.781402932538838968e+00
1.099090909090909118e+00 3.616058953378855634e+00
1.159595959595959735e+00 3.447012833032844004e+00
1.220101010101010131e+00 3.276392723225536763e+00
1.280606060606060526e+00 3.105890068843834673e+00
1.341111111111111143e+00 2.936840103688100001e+00
1.401616161616161760e+00 2.770287567460856692e+00
1.462121212121212155e+00 2.607040376705703988e+00
1.522626262626262550e+00 2.447713487295218204e+00
1.583131313131313167e+00 2.292764771474833818e+00
1.643636363636363784e+00 2.142524390602784212e+00
1.704141414141414179e+00 1.997218865378353803e+00
1.764646464646464574e+00 1.856990818122337350e+00
1.825151515151515191e+00 1.721915178559422888e+00
1.885656565656565808e+00 1.592012494423136859e+00
1.946161616161616204e+00 1.467259869968458252e+00
2.006666666666666377e+00 1.347599956949226518e+00
2.067171717171716772e+00 1.232948344896019677e+00
2.127676767676767611e+00 1.123199633802549391e+00
2.188181818181818006e+00 1.018232420874058075e+00
2.248686868686868401e+00 9.179133911979653337e-01
2.309191919191919240e+00 8.221006682111757780e-01
2.369696969696969635e+00 7.306465521531706475e-01
2.430202020202020030e+00 6.433997521036615153e-01
2.490707070707070425e+00 5.602071986938392811e-01
2.551212121212120820e+00 4.809155095723924855e-01
2.611717171717171659e+00 4.053721670382243736e-01
2.672222222222222054e+00 3.334264573542534138e-01
2.732727272727272450e+00 2.649302125979739464e-01
2.793232323232323289e+00 1.997383890908935866e-01
2.853737373737373684e+00 1.377095106811160319e-01
2.914242424242424079e+00 7.870600041149997117e-02
2.974747474747474474e+00 2.259442017189657037e-02
3.035252525252524869e+00 -3.075436533164662561e-02
3.095757575757575708e+00 -8.146508667366460232e-02
3.156262626262626103e+00 -1.296580185150409126e-01
3.216767676767676498e+00 -1.754489696446631386e-01
3.277272727272727337e+00 -2.189493063586394617e-01
3.337777777777777732e+00 -2.602660025722737247e-01
3.398282828282828127e+00 -2.995017112210796029e-01
3.458787878787878523e+00 -3.367548523103675584e-01
3.519292929292928918e+00 -3.721197138674708360e-01
3.579797979797979757e+00 -4.056865626175208406e-01
3.640303030303030152e+00 -4.375417617640581791e-01
3.700808080808080547e+00 -4.677678937139155280e-01
3.761313131313131386e+00 -4.964438859612432808e-01
3.821818181818181781e+00 -5.236451386651710393e-01
3.882323232323232176e+00 -5.494436527231436607e-01
3.942828282828282571e+00 -5.739081573661303226e-01
4.003333333333332966e+00 -5.971042364897879429e-01
4.063838383838383805e+00 -6.190944530931397072e-01
4.124343434343433756e+00 -6.399384713279224757e-01
4.184848484848484595e+00 -6.596931757718123013e-01
4.245353535353535435e+00 -6.784127876305583449e-01
4.305858585858585386e+00 -6.961489776503765325e-01
4.366363636363636225e+00 -7.129509755845603314e-01
4.426868686868687064e+00 -7.288656761170273501e-01
4.487373737373737015e+00 -7.439377411719874100e-01
4.547878787878787854e+00 -7.582096985990212090e-01
4.608383838383838693e+00 -7.717220372339947954e-01
4.668888888888888644e+00 -7.845132983510781921e-01
4.729393939393939483e+00 -7.966201635936042136e-01
4.789898989898989434e+00 -8.080775393938314233e-01
4.850404040404040273e+00 -8.189186379958015571e-01
4.910909090909091113e+00 -8.291750551499097455e-01
4.971414141414141064e+00 -8.388768445725115486e-01
5.031919191919191903e+00 -8.480525892663954846e-01
5.092424242424241854e+00 -8.567294698012966059e-01
5.152929292929292693e+00 -8.649333296556811490e-01
5.213434343434343532e+00 -8.726887377220343689e-01
5.273939393939393483e+00 -8.800190480779922497e-01
5.334444444444444322e+00 -8.869464571250708085e-01
5.394949494949495161e+00 -8.934920581955141383e-01
5.455454545454545112e+00 -8.996758937262013811e-01
5.515959595959595951e+00 -9.055170050964780337e-01
5.576464646464646790e+00 -9.110334802257691322e-01
5.636969696969696741e+00 -9.162424990153837934e-01
5.697474747474747581e+00 -9.211603767437502865e-01
5.757979797979797532e+00 -9.258026054744596944e-01
5.818484848484848371e+00 -9.301838935819741749e-01
5.878989898989899210e+00 -9.343182034672563585e-01
5.939494949494949161e+00 -9.382187875428430468e-01
6.000000000000000000e+00 -9.418982225624742410e-01
