1.000000000000000021e-02 -2.333166651205933473e-01
7.050505050505050109e-02 8.726200093992130036e+00
1.310101010101010210e-01 1.836177469187468603e+01
1.915151515151515271e-01 2.679455825172834338e+01
2.520202020202020332e-01 3.369540547344435311e+01
3.125252525252525393e-01 3.911725454913712241e+01
3.730303030303030454e-01 4.322962197846774757e+01
4.335353535353535515e-01 4.622752651321649608e+01
4.940404040404040575e-01 4.829736332089373008e+01
5.545454545454545636e-01 4.960490099922080987e+01
6.150505050505050697e-01 5.029246244482371253e+01
6.755555555555555758e-01 5.047990642975772602e+01
7.360606060606060819e-01 5.026703986979966743e+01
7.965656565656565880e-01 4.973639963761446126e+01
8.570707070707070940e-01 4.895594063787801531e+01
9.175757575757576001e-01 4.798144670389227429e+01
9.780808080808081062e-01 4.685861183978093436e+01
1.038585858585858501e+00 4.562479868779658432e+01
1.099090909090909118e+00 4.431050562538450777e+01
1.159595959595959735e+00 4.294058160786756417e+01
1.220101010101010131e+00 4.153522775112008958e+01
1.280606060606060526e+00 4.011082113720697606e+01
1.341111111111111143e+00 3.868059169420001808e+01
1.401616161616161760e+00 3.725517825939519412e+01
1.462121212121212155e+00 3.584308557789926653e+01
1.522626262626262550e+00 3.445106018385065738e+01
1.583131313131313167e+00 3.308439988285416433e+01
1.643636363636363784e+00 3.174720886470539583e+01
1.704141414141414179e+00 3.044260825969308470e+01
1.764646464646464574e+00 2.917291013623867357e+01
1.825151515151515191e+00 2.793976146793101023e+01
1.885656565656565808e+00 2.674426338140479942e+01
1.946161616161616204e+00 2.558707004081933789e+01
2.006666666666666377e+00 2.446847071742721980e+01
2.067171717171716772e+00 2.338845795757334400e+01
2.127676767676767611e+00 2.234678423757356569e+01
2.188181818181818006e+00 2.134300906882164028e+01
2.248686868686868401e+00 2.037653816974762933e+01
2.309191919191919240e+00 1.944665603816948973e+01
2.369696969696969635e+00 1.855255302606385470e+01
2.430202020202020030e+00 1.769334782913361082e+01
2.490707070707070425e+00 1.686810614742136849e+01
2.551212121212120820e+00 1.607585614656691320e+01
2.611717171717171659e+00 1.531560124092339592e+01
2.672222222222222054e+00 1.458633063617611114e+01
2.732727272727272450e+00 1.388702799420380707e+01
2.793232323232323289e+00 1.321667852462099546e+01
2.853737373737373684e+00 1.257427475747770451e+01
2.914242424242424079e+00 1.195882121041708146e+01
2.974747474747474474e+00 1.136933812925954612e+01
3.035252525252524869e+00 1.080486445234398474e+01
3.095757575757575708e+00 1.026446012501448202e+01
3.156262626262626103e+00 9.747207870613593172e+00
3.216767676767676498e+00 9.252214507555860834e+00
3.277272727272727337e+00 8.778611887931589308e+00
3.337777777777777732e+00 8.325557521495262847e+00
3.398282828282828127e+00 7.892234938140218148e+00
3.458787878787878523e+00 7.477853835011764261e+00
3.519292929292928918e+00 7.081650045770722990e+00
3.579797979797979757e+00 6.702885364513388566e+00
3.640303030303030152e+00 6.340847251560624898e+00
3.700808080808080547e+00 5.994848443996261267e+00
3.761313131313131386e+00 5.664226490282170623e+00
3.821818181818181781e+00 5.348343225209415408e+00
3.882323232323232176e+00 5.046584198852015923e+00
3.942828282828282571e+00 4.758358070994611388e+00
4.003333333333332966e+00 4.483095980643347467e+00
4.063838383838383805e+00 4.220250898648593818e+00
4.124343434343433756e+00 3.969296970129364333e+00
4.184848484848484595e+00 3.729728852252396365e+00
4.245353535353535435e+00 3.501061051954720504e+00
4.305858585858585386e+00 3.282827267382743219e+00
4.366363636363636225e+00 3.074579736140843345e+00
4.426868686868687064e+00 2.875888592768072627e+00
4.487373737373737015e+00 2.686341237604634724e+00
4.547878787878787854e+00 2.505541718444638910e+00
4.608383838383838693e+00 2.333110126269694717e+00
4.668888888888888644e+00 2.168682006192614864e+00
4.729393939393939483e+00 2.011907783709449227e+00
4.789898989898989434e+00 1.862452207498617840e+00
4.850404040404040273e+00 1.719993808488759823e+00
4.910909090909091113e+00 1.584224375565338905e+00
4.971414141414141064e+00 1.454848447905882525e+00
5.031919191919191903e+00 1.331582823869590593e+00
5.092424242424241854e+00 1.214156086285666403e+00
5.152929292929292693e+00 1.102308143918894867e+00
5.213434343434343532e+00 9.957897888375983886e-01
5.273939393939393483e+00 8.943622693670321144e-01
5.334444444444444322e+00 7.977968782782834944e-01
5.394949494949495161e+00 7.058745558384584839e-01
5.455454545454545112e+00 6.183855073287796156e-01
5.515959595959595951e+00 5.351288346253285644e-01
5.576464646464646790e+00 4.559121814081998902e-01
5.636969696969696741e+00 3.805513917066878360e-01
5.697474747474747581e+00 3.088701810380141688e-01
5.757979797979797532e+00 2.406998201672470861e-01
5.818484848484848371e+00 1.758788307320057753e-01
5.878989898989899210e+00 1.142526924652040310e-01
5.939494949494949161e+00 5.567356159072070487e-02
6.000000000000000000e+00 0.000000000000000000e+00
