1.000000000000000021e-02 2.556601976720891016e+13
7.050505050505050109e-02 3.269271661290936250e+14
1.310101010101010210e-01 6.621715553016301250e+14
1.915151515151515271e-01 9.606865881759476250e+14
2.520202020202020332e-01 1.200774181856753750e+15
3.125252525252525393e-01 1.376725197573749750e+15
3.730303030303030454e-01 1.490675407818406750e+15
4.335353535353535515e-01 1.548873231986942750e+15
4.940404040404040575e-01 1.559536801565844500e+15
5.545454545454545636e-01 1.531519658803192500e+15
6.150505050505050697e-01 1.473476273153732500e+15
6.755555555555555758e-01 1.393365056638296250e+15
7.360606060606060819e-01 1.298184583920657500e+15
7.965656565656565880e-01 1.193868757340126500e+15
8.570707070707070940e-01 1.085286336057460250e+15
9.175757575757576001e-01 9.763049544633457500e+14
9.780808080808081062e-01 8.698911909429436250e+14
1.038585858585858501e+00 7.682270798042045000e+14
1.099090909090909118e+00 6.728301072616096250e+14
1.159595959595959735e+00 5.846685861758425000e+14
1.220101010101010131e+00 5.042677298457517500e+14
1.280606060606060526e+00 4.318040861716202500e+14
1.341111111111111143e+00 3.671875288104745625e+14
1.401616161616161760e+00 3.101309678285836875e+14
1.462121212121212155e+00 2.602085122602472812e+14
1.522626262626262550e+00 2.169031208271560625e+14
1.583131313131313167e+00 1.796449102312429062e+14
1.643636363636363784e+00 1.478413139560241562e+14
1.704141414141414179e+00 1.209002446145624844e+14
1.764646464646464574e+00 9.824733606585515625e+13
1.825151515151515191e+00 7.933824735137575000e+13
1.885656565656565808e+00 6.366690849029981250e+13
1.946161616161616204e+00 5.077048677310667188e+13
2.006666666666666377e+00 4.023175373082968750e+13
2.067171717171716772e+00 3.167944029820217188e+13
2.127676767676767611e+00 2.478708157151873047e+13
2.188181818181818006e+00 1.927077354132585547e+13
2.248686868686868401e+00 1.488619234139194922e+13
2.309191919191919240e+00 1.142516196050668164e+13
2.369696969696969635e+00 8.711998864989368164e+12
2.430202020202020030e+00 6.599811419630329102e+12
2.490707070707070425e+00 4.966888138951117188e+12
2.551212121212120820e+00 3.713271353182131348e+12
2.611717171717171659e+00 2.757582185177284668e+12
2.672222222222222054e+00 2.034131258309207031e+12
2.732727272727272450e+00 1.490348860075239502e+12
2.793232323232323289e+00 1.084512377901227661e+12
2.853737373737373684e+00 7.837867155583916016e+11
2.914242424242424079e+00 5.625450419824826660e+11
2.974747474747474474e+00 4.009516269541842041e+11
3.035252525252524869e+00 2.837796747909116211e+11
3.095757575757575708e+00 1.994365275139481201e+11
3.156262626262626103e+00 1.391687975893670044e+11
3.216767676767676498e+00 9.642122161339903259e+10
3.277272727272727337e+00 6.632496111199678040e+10
3.337777777777777732e+00 4.529343514191955566e+10
3.398282828282828127e+00 3.070633338934134293e+10
3.458787878787878523e+00 2.066501137749054337e+10
3.519292929292928918e+00 1.380510047133237839e+10
3.579797979797979757e+00 9.154210504022911072e+09
3.640303030303030152e+00 6.025057282047787666e+09
3.700808080808080547e+00 3.935883627276000023e+09
3.761313131313131386e+00 2.551797457361535549e+09
3.821818181818181781e+00 1.641932923081211090e+09
3.882323232323232176e+00 1.048461620041360617e+09
3.942828282828282571e+00 6.643860614331505299e+08
4.003333333333332966e+00 4.177750954743497968e+08
4.063838383838383805e+00 2.606766468801691234e+08
4.124343434343433756e+00 1.613923725545053482e+08
4.184848484848484595e+00 9.914463386192019284e+07
4.245353535353535435e+00 6.042894881223307550e+07
4.305858585858585386e+00 3.654222932059530169e+07
4.366363636363636225e+00 2.192320386361598969e+07
4.426868686868687064e+00 1.304839381837739237e+07
4.487373737373737015e+00 7.704411180432762951e+06
4.547878787878787854e+00 4.512703188992835581e+06
4.608383838383838693e+00 2.622012752962260041e+06
4.668888888888888644e+00 1.511191707342555514e+06
4.729393939393939483e+00 8.639274828787755687e+05
4.789898989898989434e+00 4.898853047448531725e+05
4.850404040404040273e+00 2.755227835265306639e+05
4.910909090909091113e+00 1.536927203321710986e+05
4.971414141414141064e+00 8.502926794800497009e+04
5.031919191919191903e+00 4.665405830941013119e+04
5.092424242424241854e+00 2.538646079077114700e+04
5.152929292929292693e+00 1.369907396558083383e+04
5.213434343434343532e+00 7.330581201343306930e+03
5.273939393939393483e+00 3.889734926089416604e+03
5.334444444444444322e+00 2.046449744667912682e+03
5.394949494949495161e+00 1.067392941244565918e+03
5.455454545454545112e+00 5.518071376234166792e+02
5.515959595959595951e+00 2.826155529149196468e+02
5.576464646464646790e+00 1.432744021612963081e+02
5.636969696969696741e+00 7.176802736552956219e+01
5.697474747474747581e+00 3.538927505341158053e+01
5.757979797979797532e+00 1.704169162460796727e+01
5.818484848484848371e+00 7.868330774733175659e+00
5.878989898989899210e+00 3.321725402143449912e+00
5.939494949494949161e+00 1.087916596458774254e+00
6.000000000000000000e+00 0.000000000000000000e+00
